6040399
6445233
4130710
6048174
6835174
5035236
3825246
8445205
9858152
1769343
2945725
8507483
2854965
660328
7873921
7515101
2863558
7937535
1182338
8266246
5688660
3062452
4688398
2871051
5083001
7049201
5071169
6629168
9603335
5708509
3003834
8720350
3343115
6111850
4242146
6479502
5142904
8902586
7903888
2838921
1577268
234276
9549398
8858130
7933435
4406365
8237451
8832310
3947361
4080435
4095518
8661818
560551
1906936
206227
8120444
8567056
313474
9128366
1096732
8425641
5603418
5917752
7762149
6105084
3776136
8401637
6463939
7315567
6569572
9950562
6698016
6306558
2774008
6489370
7760618
6578015
4312284
1982364
3350181
2147104
2227301
7966907
4566408
1874958
2468253
4400695
9969498
1059102
4426022
6110300
7841808
4940583
9206281
1601444
2111514
5548129
5449513
1437543
1201759
6117350
5032027
5260214
8651582
144338
2200203
2188814
5982980
9188581
643264
5404162
143896
7164524
4313407
9474488
8130449
6191429
8066270
1123070
1068509
2986702
1760186
6222171
2869779
3800548
7357309
7384197
7523360
1472332
1818194
8227906
1969405
5058573
7382152
3004739
7575880
4432195
2455639
7946163
7370845
6732436
3835170
5163654
7624983
615994
7689262
4110967
4809284
1304607
1493299
9301675
8461460
8136986
3419783
2671873
1544465
1664269
5587245
7097504
8710231
5386189
8014527
6464246
6910182
1387896
3975796
8817487
8272953
7738738
373921
8509863
3119755
8085862
420902
8577273
3760384
6009970
6821642
9325218
6263382
181280
6413268
4416995
2596829
6456780
9344830
7983073
1488498
8117391
8454947
4399141
2036246
6907707
6818549
1452613
3887699
8186674
6917802
6997187
3243994
9722220
9271628
9244765
5408577
3751201
6259775
3239262
9420930
6440377
5149266
4960899
6630413
3467947
2872756
9133970
1955569
3733438
2552174
9092848
8105294
2010002
53130
5028730
5863216
8224450
2081755
979330
468927
4497814
8424282
301279
3145334
5567942
4236043
7652933
8088167
5432606
7441785
699313
6782474
3595124
7535957
5426382
8689609
7081952
913694
1198246
5112810
72331
7519750
349530
9849766
7744380
6538228
5255439
1986582
2708650
7363957
5756212
7163591
2513005
1764654
1636150
7006090
1285909
7574490
9388183
5721823
4161349
1117156
7787652
3133047
6909940
9613774
5926994
4826837
1147375
4585096
3232424
9104217
3333241
9686054
9858069
5289597
2705494
7320783
7724758
3591426
4139869
9025374
3237468
6551463
9025436
9663656
6748158
4689051
6909579
4487092
3397209
1563327
6527758
5521051
4060309
8032443
3430610
8174273
8309138
7471071
732779
5523369
7372313
4631319
2254308
4044974
923600
8885180
2372226
9023246
5568772
2909700
50062
3574135
6659533
9709943
6938627
3669680
508174
4347677
7911850
3869804
9766167
4155131
8711085
5200285
6652300
1199538
9760680
8375465
2638366
9051488
4398256
5447201
4244976
2174151
8101940
4321050
2668581
4787545
9010582
8422767
5193478
7404592
9892764
5716408
7688190
7195109
6627593
8938207
491304
4573720
3048133
9204269
5371427
6115137
6582866
3803740
4806224
4652390
8875012
8892322
7931621
9301135
8840452
7672417
1357587
5724038
3981576
7289814
8295234
7461405
353862
6596919
24371
2355494
9760933
3041063
8259179
1659122
7497285
1184448
3974635
5191699
1845809
903105
3743985
2341190
2524349
5596120
9570820
7795738
480292
6993081
130189
6684
2438807
87251
1464233
5864729
1973834
5786734
1724481
3910547
4701335
2427628
3378844
6490375
6852752
3911648
1760579
2776512
1348305
5796514
9424704
6754872
2291845
2453442
7844278
7932583
9955737
4254783
4551197
4511552
8234488
4656744
7259758
1387717
31198
6322495
4060260
2802709
3132776
1636042
2473523
9852522
3586294
3549820
8486349
933303
419573
8815724
7421126
3704299
4636574
5210182
1035505
1392324
2046811
4956093
8640577
5336529
8022135
8376505
4049390
4026607
5813373
5479822
8605620
1336609
6980521
1107592
3333895
154306
9798819
8532150
3035631
400196
3494544
8813986
2640563
1629206
5291427
3785761
4229455
949076
9490898
507604
5019297
5984847
1309048
1002708
9438015
7958983
7704520
9504512
3204180
3452006
4806381
9441951
8137243
6970480
1403212
8928996
7436345
214599
4853383
7804840
4732613
6195542
4755984
9549099
5478896
8240603
8751151
638023
1923664
9780795
6727655
2534333
8025420
7508320
4228006
3102133
9058628
7713214
924406
6847403
4822406
909461
2255201
8918391
7897729
8894784
3881709
4210519
931896
5515445
5885094
7364393
380684
9012630
5790337
3122302
4098187
5738452
2886454
7378622
299475
7207022
5305415
6932289
38854
9078940
3428991
8309097
2325269
4118680
5530623
9979333
3592776
5557824
4788284
3566150
5616687
3424500
7593621
8322111
9089033
5932593
5147445
7056566
9333267
1480601
1428346
3428565
9494729
8130833
4712572
4784355
8536289
1757963
6360092
4418391
9950404
9131919
1029703
8414056
4531455
8332161
3129018
559453
7270821
2147059
8582214
5309420
5084576
3097097
3379561
7321572
5056591
5028937
7504873
9639467
9097698
8786196
9773979
5243047
8148349
6837891
1415620
5320600
8944600
483829
5196834
3459487
8064511
4653652
7484307
6854901
661232
1477870
138941
3137381
1206701
3965763
650815
8512711
3772325
8660581
1968651
3488647
1300526
4064609
2603108
3861051
8245659
8737418
1357650
4500828
1076544
755024
4595297
808061
3355772
5376582
4378562
5410400
296328
2380564
3116795
4573331
7895791
7840501
3100310
9089510
7797520
8641410
9475422
5739775
1057382
3611623
9936729
8244053
6703647
1471137
305582
3489860
6108963
9000080
6846686
3749716
6881276
4689828
4363063
2174311
2731897
3142760
1120901
6824269
96869
5946706
8286676
9263527
8850836
3077059
5580686
7603731
1609098
3556476
5929113
9241811
4323521
7738234
1733733
8008061
9900559
1090740
5096273
5073358
6339013
7079161
9066806
2601641
1000352
6851186
4505682
3180705
8015142
810959
4027344
5090371
4592524
5028854
8076592
5663925
7073276
8723607
1255555
4521804
763079
722260
5413920
7589896
1252842
2572806
1940790
6221490
9722796
6614560
7405344
5302837
2381299
3237042
9519062
9656723
6420566
9207475
7126605
910101
7324370
6689988
329103
4156604
6255929
7015399
5245049
3947337
1037425
8123572
6098806
2181850
3438915
4160703
8364945
8072578
1597905
4830631
9248428
8534327
811506
7581584
8076084
584542
9609845
2770118
5099794
9342441
1534715
1141119
4381822
6689941
4519874
2377737
7117910
752035
9860746
6974551
541677
8470043
8610532
9849201
4528194
3925057
3117130
4652886
6766810
3954444
7331436
8943371
6116492
877328
9778655
6284436
6999293
6164206
5945578
5983761
3625597
4500975
1206201
544951
8697782
6373916
7522707
34589
7028387
6313600
1602942
2482966
8807349
1080701
5781357
1345855
4985890
4389082
5444636
8688447
4495858
8482229
9224297
9824748
7618877
9382467
3073414
5562168
2109481
8276339
1098600
4771194
5831633
9381726
9824654
713483
8516723
1529750
4804041
9923105
9346349
1303083
4194238
7262793
5693065
5911957
4984936
4760149
8968395
4371664
9654921
7490657
7346668
7799396
8381605
626982
6824887
9276479
5562956
4585718
4184155
6122184
8910326
4098552
505618
2083259
4504659
481548
242837
6663334
6551362
1415866
8824636
6957779
2112662
3867882
6824147
3978882
9996774
5196242
2665944
7440134
8037297
6762194
982395
6261591
4986117
3507454
5614682
1547357
4895001
3595121
3327309
8039380
1725807
6776411
1697923
943691
5509876
3221030
2671184
9063545
3584120
3564207
8271136
4024245
4631706
3671808
1011307
614105
8169655
4458485
6536679
6496994
2366923
9493847
4211007
7964745
9615337
9683881
2393536
547843
6357809
9029261
7825738
3945644
5835615
2270296
713485
8406485
3847888
6594468
4940499
1335457
8964997
2812880
2987853
8694817
38465
3794434
8448000
5008813
8734161
2068282
5954182
282543
3420293
2763471
5589966
527281
9392043
6635924
6545286
3593725
4408830
1861815
888275
5364206
7801884
4837202
1574184
5104470
2689602
9273538
8344488
9884268
1254823
9248907
7265202
6110978
5514054
824236
7560393
650366
5151354
3412637
7838175
2082768
1955505
3353343
2159068
677147
3379996
2511034
1293906
4062231
9762532
9240199
763375
6163920
5769842
2393005
4993273
8776472
8295620
956084
4764205
1639100
6647392
5068078
5079484
9813914
9967202
4895520
946010
426612
5560949
527086
3472979
3502931
1457172
3862946
4835017
7712895
4778073
2736376
3398146
6558070
6088525
6074913
5286265
3801542
2477819
186027
3811253
4874555
2787921
7436873
3245268
5044754
3157715
4213911
6915293
7717233
1681935
1863817
296978
6577600
6444152
100548
7559764
5375449
9447303
9641086
520533
5435770
150504
7197171
4967355
3738595
8109308
6560357
8201329
8120870
1144339
3061493
7011005
7230958
2841513
3333182
3014719
6361945
7336653
4450549
5473152
3984802
6404229
6545893
7523772
2512583
3599977
2468395
9763846
7865777
3702866
712889
205311
7022856
9485000
7842614
1493239
3361337
6251706
6728526
2259557
242764
4832281
2184207
9862491
9419571
6135115
571164
5624175
1730621
2197481
3764224
3480592
4400140
2571274
303375
7709996
1798418
6306511
6208762
9366580
205064
2514283
8864810
569954
9225186
3172800
3142146
8259854
5819448
2091469
2343341
77578
8933284
7900697
2313612
7636680
3454717
7018321
679575
4428476
5257324
247412
5674216
4275102
7822543
7312651
3453879
4902
1866205
1966492
9907313
6084492
786997
8324476
612589
7028155
3759540
8992653
2683859
3417512
2726491
6402359
8296749
3769984
1641146
657661
5013008
3158565
9639142
1442220
1054506
3188081
4517772
9581571
5716791
2372995
7596197
7129157
6064654
5554054
3648423
4676619
4457370
6375785
9249059
9511304
6199205
6117930
2886593
1804437
40819
6586920
6020486
9752850
3853406
3024816
4739269
3737008
6032217
7130248
8195363
9416243
5390401
3727433
6890885
5789662
290911
5439777
9142898
7001055
9505913
4660540
9477068
9810697
2653003
7409646
9088323
3093474
3607059
9231383
2601324
3588537
2051473
6669479
7479857
109312
6069252
8066627
3317107
7476477
2356116
1043152
4604110
3421156
8016467
5533988
1858094
8302015
1479649
689299
4023224
4686042
3923443
4801529
1998588
868798
6142427
5232933
7342511
6027968
6560298
338772
5998628
8295976
6503977
8344216
9643986
1914459
9458250
2578533
9759838
5015942
3743926
4420369
6388943
1097682
2989862
1932036
5165730
9159017
3831922
96591
852126
601327
8224288
7418091
3144600
9972169
3481247
8562954
8482681
5134547
9921000
3050817
7493363
5580136
2056409
6761859
844341
1001011
5535284
2366318
7663625
7685596
1554233
2459190
4235467
1279638
6191254
9399209
7230591
8265673
1937955
4178108
1446190
2072746
8677984
9410476
201452
9764856
3000234
6192914
1849253
4690636
8774635
5865807
5292621
8631480
9951248
4922999
9888864
2380398
2405156
9211597
8849600
2755561
5727873
5354837
856913
8557162
7580046
853541
5921906
8028185
9669560
9008199
4160913
6327614
1961790
5058189
9912367
1445677
6524491
1201414
3811333
3029711
9679372
8426028
577310
3953878
8665269
105868
3712512
6999459
5785035
254877
3321275
4352482
2533855
3159711
1052721
8382968
1971213
8341707
288576
1648610
621229
2166864
6834854
7259555
5226770
4503839
4062800
9369332
3252768
6375298
1767682
5435387
3816357
796809
9745650
6919224
4439144
5007266
9547089
3375954
9667137
9056541
1800589
8873496
417569
5523621
7352872
1225986
6047967
9591165
6673031
1523280
4361804
6199907
9386657
4185638
4749938
3196477
594796
8594161
9655829
7093129
4238161
6439514
9099602
9371366
5316987
2973478
1741816
6339069
3477581
8136636
1104433
2100367
6837552
7717178
7735775
9595286
3201111
4865627
4644754
7996551
1966627
9449043
7989431
7579756
1220040
4724773
6166298
6792572
1959332
8119081
116906
3208426
3134796
2651724
761773
4165727
384820
8792078
4763006
1896294
4694093
4810888
4877806
9475201
9645381
7789758
8670837
8838587
5713261
5552807
6890804
8825895
4631061
5430420
7901057
9263483
4135558
3011240
7251771
7122093
848863
6980754
642103
7188421
8965847
2484080
6531324
9707360
3881475
6335688
89126
2746733
7237798
934564
6950988
7344957
7313491
5663353
9281373
2756907
3062176
2056832
2258118
271807
5272143
9820007
1758097
3761325
8235425
6342246
9378148
6665385
2157060
5351049
9095077
5407623
7041294
5828853
4537426
9367290
2870391
6311985
8910884
187845
4466120
137239
3376520
5296969
466852
8408060
5795653
2808002
7018473
5939683
1753177
4042041
4371579
7758478
2867447
6521479
4009471
9166781
6771694
2743726
9458822
7598336
4981537
7610226
1679016
2167837
167996
7979715
206360
242931
3345657
350511
2311311
7710903
3991776
2426185
1441872
2980330
3835114
9566779
6159365
614203
4856059
7893602
4434199
1764556
3144268
3600682
2021089
8119714
743455
1472859
7362238
6900463
4115096
2419709
5092571
3177055
8003612
1928043
5441545
7876702
1484533
9513924
7767507
3354841
2549997
9387075
671678
598121
9173824
875196
2337121
8416401
9069426
1996985
1056695
5820079
1489911
7179333
5653381
4621917
8787509
6904568
8688038
7820368
1865563
8465050
4361581
1009781
7899158
6728422
2620909
1980896
7764422
4519634
3945597
1457079
9018444
9110953
9520647
5419757
1914175
6273611
4068994
5506351
6921927
7340603
7145265
7621030
1455677
6560750
4143997
3236489
9558906
6975301
8143867
3771034
2357838
7132557
3313711
7348214
354249
3401888
6984883
6749396
5355253
6652671
2171561
2212225
4401856
9976290
5900519
4182783
5784545
5335670
6337764
4597352
6559257
2160835
6622612
6831188
8622490
2893674
7885751
7169666
2103673
7559730
6761012
7376704
6064366
9149946
9745137
7648164
8052398
1356004
3252666
4675912
5324099
1256734
8274013
908466
7594206
7703672
6134965
4490598
6197242
5920976
8061385
7090039
520676
9996057
6228225
1119269
6963138
6678501
4136109
2281407
4398840
7213295
7241810
1870820
4220918
2950011
8905537
8218101
6381877
1590366
2662656
4531678
8204465
1714927
361060
6765372
2910502
2975289
4005470
8267002
8636237
6192309
1016732
8646577
3760053
5547098
5169173
4135283
7488022
9406129
3037362
220200
7795495
9897957
9369358
2919864
995382
4595394
5053189
6057092
6802197
777886
6492642
5528028
8799937
8637895
974218
9522480
462340
9567502
3015915
7337566
4167568
4761091
5250762
3964511
5888570
2210973
6617779
340314
5126271
8794146
4977578
1399624
3470719
4074141
4872878
2061895
6731161
623196
5828728
7332646
660661
851213
913546
487363
973640
4629299
3320722
7224615
8348395
4523210
2565143
2672324
5639567
4917031
2467577
6099733
4544775
5111689
6096622
1290898
5987709
2789209
8568263
8299444
5767651
2483205
6068699
3699145
7913186
8740515
7869605
321354
1930470
638784
7418276
41774
9434903
9060665
1501637
5868814
863920
1161471
3641589
6926912
8690015
5459980
6416695
8921458
8215352
3931272
6949183
9108473
6086997
9886933
6196791
5719041
6957135
8933234
4652067
4520289
4034024
6086327
5924197
642752
6148919
4469796
303412
684330
1522356
6626413
7458972
9230973
7861219
3212509
6156461
4500701
7114585
4043210
879356
88233
3232889
1972941
1581107
9121964
5523397
317711
1727517
84219
3593097
8065143
9170201
8499757
8716130
496867
6773374
3649607
6846316
8969509
7144060
2344848
6776640
4863060
8292050
9346007
7352261
3111400
2133459
5408076
4955864
1356799
1894793
3073325
1703549
1360328
4986842
1293330
3761811
6472566
7491527
4972728
7616046
7563788
582762
6654924
3195488
3465768
3338378
3775531
2656538
2309983
5627971
5965329
5229669
9806972
9943224
8164081
5814509
8141114
4119980
8805142
6136864
4991746
1491374
8426012
6757005
932048
7440676
7837902
7716341
6513613
2621387
7799276
3028852
7594710
5003801
9192274
2075815
2988705
8253885
5230182
5711223
6114018
1834008
6409735
2855465
6757032
3121577
9541845
9366372
868508
7506278
4018637
5399057
4170828
8732114
6095049
8627265
504947
7481407
4434685
4898357
5655562
977248
1449212
6944879
7078974
3001074
5189477
887466
8305402
5421729
1486759
4923685
4453944
6536982
7727154
9326230
9009900
7308622
6830953
3699853
1657906
8004729
6880013
6996386
815250
5995235
2648543
3984407
8094956
975142
974629
5494203
3490608
1544566
2874580
2860260
4904653
9733596
904043
5997425
3533150
6531881
3668573
4586300
4326761
3744566
6993875
588217
3938220
1858431
1177746
7757122
899360
1049395
5601454
7489346
7930456
9493398
9441543
6402422
8348157
6081061
2116146
7176433
9104128
3177514
6711258
1318486
6024751
5582338
9080593
8287692
7374691
311791
3604898
5127508
6008390
6769859
149197
3178822
2133601
6965426
8939356
8513008
8626747
7742435
1016293
7700027
8735743
4720708
8325701
269639
183797
6055301
9125847
4740325
9943860
8965444
3723317
19947
9764004
4980385
6261726
2533118
2375243
9270592
6336227
7520503
6601708
1212889
3681631
2059977
8814932
7415562
2428512
7744247
2824168
3278636
6849740
5120519
4954509
5827209
570254
794313
8590779
7011612
3899461
9985233
5202858
7311322
283726
5038722
4841612
1917630
99749
4430748
2134030
3259288
7975870
5932631
2605817
6872290
9686516
7159229
9911883
520154
583553
5422081
2479948
1766441
535545
6934163
7353949
8809581
2108689
1884536
9247704
3115284
6788090
4232404
7707304
8700688
1667386
9999958
7005135
4313477
4831454
1866766
6769527
2471890
5512665
2873742
262464
1816364
9645808
1742463
1693239
801832
2733611
9138464
8535872
6114700
7219566
4884878
8880718
6002503
7285250
7144247
3297901
8455899
7243202
20320
1499563
4504155
187000
8363969
2438619
6590387
9225024
8582377
7725156
9852165
955278
4654653
399153
8054938
1557975
3616655
6103996
3587813
3621317
9596856
4517084
4978634
4654522
6557090
8050152
5127363
8617362
3463818
3112596
6820093
9036282
2415560
9776841
189043
4477521
4273352
942394
9249746
1205114
8136383
2708224
2580684
9082497
2988573
2058579
4401783
7392897
4241070
8406505
8850616
5408233
4635852
8381749
1231802
8477347
2959555
4401808
2801677
6043354
3883567
679573
7186439
1164371
8544928
5945034
3334555
7561829
6370675
6752977
8819627
4038596
4301816
8003675
4848170
3248037
9085161
5276132
3674751
744795
1401348
2587298
4840162
8708024
4042787
2121223
9015952
923297
5933798
8633284
2817961
4029760
7374217
1635512
5896307
1094007
7751677
1055604
9067917
7162000
7796817
311134
7849145
8559909
9022893
236194
7072443
6497041
7978067
3842272
5517817
7890764
1494365
5707815
2412709
6885292
3492301
6412988
8324705
4618892
1151220
7461001
1469492
8243026
9639204
901116
1582015
7363756
5131200
2339776
5013954
7687874
6388323
7137286
8930487
2032554
5987203
5146779
8396193
8458600
1826265
4367560
4114425
9201078
7308619
2309850
1882086
7636903
6590283
6429670
748187
5656267
3704124
1136345
1154402
463422
6865046
6820368
2749684
8562452
6952267
2044452
6927161
4454973
9451836
1345408
7825981
2607419
245766
3648749
6968673
6687608
5954172
2130081
1375058
9936134
8758880
563127
501952
1163047
9780313
4896322
9983997
2389204
4752149
74035
3253297
1440135
2851741
2029978
6164524
8635149
269952
9949695
8917608
8883412
1203656
5517831
4112281
9997059
6790671
8120480
6214752
5104923
4740468
4313311
4763187
1754803
4623995
2713233
667977
2173324
3526611
3987388
9753071
1267174
3059019
1771330
6036231
4911778
4497398
9055680
6670869
6643081
4032935
2005593
4522100
7499461
7832791
9095145
7676714
3083990
7736390
2908630
4535283
7971976
8398855
7599963
6763632
1259272
9416501
2009731
6588302
7560878
9431470
4539063
2652222
8929037
9489272
8068821
8133578
5401747
4474803
7043597
6575230
7959105
2943174
2175794
912316
36330
1448504
5762547
3666878
4690197
4975492
536862
4162746
1711007
8611141
4339501
2382263
4019927
4198331
8073887
198499
6071772
2044299
7247855
6126649
5930420
7433873
938296
3470103
3618641
3802424
7966600
996266
5187815
4233860
3149546
9710010
8352358
9367967
739813
8142958
6875630
7166486
8986885
6370493
1631360
3250088
4588126
8933708
1943036
2960394
6267334
235967
2339589
1767669
5750360
5849611
2892470
5097626
8446791
4654593
3601035
5069348
7441347
9751282
9848705
7189871
7933922
9095692
952477
800131
4029640
5481578
4672043
7386645
1302551
6027908
439088
2554437
7779362
3843215
9616245
9105617
9583810
6857018
7439358
3070153
9607074
8853929
9146945
7851816
8712104
4860612
9032001
2700954
6845137
8771779
9659542
4309959
9730473
3330480
357503
8271871
3083612
2521692
1546893
9457331
2336506
6796008
7996715
4849661
3770604
591680
4473614
522741
2737791
3270633
8713272
8527255
1574328
1907302
5174754
4178478
5706576
3393030
1214007
3188726
2113126
3481216
8198262
4543406
2622850
4569022
1631630
1753696
5313042
9028016
4141168
35917
8699912
5149923
9188942
8319405
6438741
8649880
542869
2924958
9681493
3112378
4485351
6703692
1256858
2673703
1545268
1504322
7852105
5796345
6975353
2884428
6031725
2234101
7819281
527485
6323131
2961724
4059592
2743209
7082053
3229729
4766136
9393940
7590119
703754
4483689
8756915
9614575
5313226
8532601
6177071
1461728
9472643
3402096
6760664
1866611
5200725
3112050
1749945
7300802
2360856
7511533
7390710
4028441
1469140
5599822
1877753
5053092
3753573
8379100
8963114
6308181
5407840
3686461
6869308
8188980
8390922
7363192
2457869
7437983
6477523
4625507
6602483
3188488
5669315
2338939
6974430
5361108
3102011
4961921
199297
5672370
6929253
680166
7624735
1944415
6331691
8378762
5657080
5648758
2529973
6322646
897389
6417900
4396311
5302557
522780
845739
2491090
298510
1047528
3865931
3760112
9944004
3285512
293831
8568909
6967551
1221737
4231845
5172042
9605400
5190874
4961153
2426849
6761517
8850750
1156955
1805119
918829
4382596
9985365
8786276
8713288
3229857
6311578
7239307
3233887
9486423
5236950
3821317
9717218
149036
1107749
6457602
3385895
2436954
2623909
5238071
3475306
7475605
4199869
2020269
2319946
6977536
4984768
3601623
4365565
6084173
2320884
2937021
139001
8953062
6271393
2363643
2966789
2095166
4442353
3883481
8184744
5488119
7523856
6198896
9199439
8748415
786374
9376876
843747
437074
6538094
1053964
7198047
2963412
5041453
5306688
1350481
9922142
2381215
8775229
4666262
3612601
1084033
8688272
1919612
8472122
7124460
8159072
5252050
5130468
7098458
7395773
1504240
6628713
5007714
7098449
4407033
8689478
7557407
2154089
1966570
7097743
3016402
6875401
1182730
8267667
5160268
5358752
7930486
3147765
2052441
483263
419208
3010872
7143211
4723026
9205270
507271
6164492
2389270
2494463
4874886
2982576
7021198
883460
1817866
7769598
3352714
4559276
4987282
1105409
6048351
3118335
9985920
8046299
1110638
1903975
7123687
6651735
4226668
848414
5284448
2162485
4872508
3249134
7614821
2360667
3433579
4190675
3190953
4494914
845832
3449946
2704469
8981325
2932431
9216950
7506983
6389896
2166155
6082804
9207435
8195953
8269173
122682
6996612
7741334
5125988
7915143
5695968
361317
4481880
6560109
7310007
774039
7139774
5155745
5726412
888232
2179911
9228519
6620242
796993
1155030
2243949
1888971
3964766
4625768
817438
1991883
3909415
363451
8820470
8000686
992757
469731
8557754
7467484
3502056
7081829
6332025
3520449
2522541
5441204
2171241
1107418
1796026
4473806
2225073
9652366
5298450
7932757
6645317
5636940
6395585
1216608
7342521
1479371
3962720
6489139
8320793
7759247
1256535
7958105
1300174
9509296
2125993
7837671
6659991
2338464
7238261
7250337
9837340
2003087
1522254
1688761
1895022
2072243
3929068
2782358
7006644
6605274
4369900
5705001
3232948
8554262
6560662
2583044
8751131
1216893
3252110
4674853
3735293
1507998
6438640
2198774
2140437
8826436
3956676
9483760
5802993
8294174
7635859
9683104
8429724
5804177
5682512
8164882
5203305
2046629
7627962
1856586
3537210
2998136
637643
3829042
2253922
4907441
3348939
5494286
136851
8806507
9408477
3054429
7058167
7253111
3306738
3542694
3963694
3075360
7695980
8325295
5769478
3455852
488526
5983877
2397996
7319430
287525
1476855
7882484
7011962
8218561
1711481
5146178
7546675
6890328
6872750
4447242
4144719
3508017
9722949
9983841
5827124
4267197
8770826
9332381
4318282
8410042
2590669
5665084
2769551
3288229
342989
4938785
4992166
4304313
8942690
4740812
5020189
9344699
132649
4813675
2443600
3734414
8913671
3114649
2763479
5155104
9049519
3625132
8729438
7786681
3835427
3680803
3173247
4040036
1284586
7551511
1739878
2732638
1338470
7662067
8372985
950216
5464605
8896035
1153395
3344575
5785139
489165
8991689
6478810
2266524
3323106
9414475
3469134
7577334
7769544
3666417
5837216
5488979
579423
8110093
173640
5937734
4404934
5455032
2623826
4137808
1780613
5739514
9382099
602574
4749966
6864
6265967
948286
1999347
5544859
8890900
8590286
474321
8541477
940146
5396797
8468168
2261457
577910
5335719
500172
8147266
4998397
5465334
3994352
2367718
2428261
3237985
6336635
9242736
9220775
7258825
9831607
8043571
6697641
1880393
2351849
444684
6174106
9126360
7097908
5279815
2510414
1434740
3175865
6845942
3820311
7033776
6819398
3309593
3553768
3798303
728803
5088376
3579299
2415274
9837383
7768501
5413276
522746
7103984
8505053
5137299
5812699
2022386
2316587
1544100
1654676
5204849
2192198
5823116
7500562
1231681
5028829
8930216
6467911
313570
2389946
6302367
9775210
1790438
4710241
2066477
845135
7284684
8038024
4581266
59136
6914753
7147077
1639562
4306948
8772197
8510075
3793386
7266255
5501925
6597938
318642
4185
6063249
9142090
5062564
5830075
4596929
9283968
6497514
2512532
5211136
4299231
3493747
7220093
4725303
1007468
5070499
3632683
8174783
4214044
4237680
2299210
9170295
9675392
1214377
5858941
9948155
1434970
389780
5231814
1834705
9218560
208564
3170691
7374864
8648621
4045002
61915
6517583
7186583
4769726
1756008
8620535
6250693
1158725
5482263
7163558
5190482
3239580
5877405
8406453
6674019
8051618
4095150
3894643
2445687
3536494
4786388
6876801
5705527
3267476
2064286
3355444
796474
3388014
2215696
1916798
1576003
181322
9656770
6098230
8030771
4824464
5190927
6175467
402479
2040236
2206136
5001682
8837279
8021414
7330565
3871170
9255858
4958850
3067246
5428823
247344
9198106
1100035
2231503
1526318
7936198
7029534
7059447
2762665
732746
590206
1689701
6543958
2281504
3822109
9745130
8991357
5986290
2945268
4730595
1148063
7396115
2234057
9148632
3028842
7977459
9866729
782021
6955611
3347732
3268455
2954254
5578157
4055536
6994105
8194732
1605119
8753125
6268255
4229208
7544044
2570416
3516960
633198
8522868
2146702
6195706
6017155
4250514
3117057
5073786
7070075
3559140
6180304
2715954
6486221
9377379
3176105
2514827
8482910
4829489
4452446
2289183
738540
6640013
4849995
5913974
3427448
2639063
8556241
460913
2671800
4298503
5316084
3551551
7969637
9379664
1353956
57080
9564449
4096954
13636
4553755
7609622
970166
8843907
7047114
8539151
5990548
6475546
596411
4777621
8881912
1131345
7242980
8609480
2791576
9736739
9616079
6864299
2394990
6655162
6842688
4567930
2465460
8089750
2053551
6849329
114190
8147311
3603585
422087
2233016
3791903
5461612
461154
3106838
7865279
4531340
1438933
8106526
4037111
9199482
5309558
8108386
9616171
4329421
4080742
8287382
3011849
198293
3376395
8311288
7151903
7810955
5572254
8531334
7633362
3187208
6591105
2883708
1378720
8630038
9537536
4951471
8731476
1759851
2125646
1773776
6774771
6208216
1338081
1379539
2745800
9509311
7259807
3384778
59446
6149013
4126147
5202112
6885167
7136380
2327067
558715
9737321
3026455
9957006
7409625
5656826
8420339
2384983
9166709
4838651
2727017
6755812
4372326
3765051
4091318
9626459
8322955
9666435
9724103
6872147
8329540
1770428
2695821
5906927
4806380
2909368
9752069
3421376
2156300
2971245
7583926
6990825
8373618
6114132
7947545
2522053
9246377
4528306
9938955
9721945
797597
5273104
2990658
3927775
1012361
1058396
1433869
4516871
2042257
6933266
8092934
757471
657904
7106765
5823827
4405973
5903607
2364689
7392101
9883773
1572650
7786259
7795847
7616050
1691287
3205871
2935346
3575568
4542383
9883950
1729271
2139004
4947325
677144
3579246
8201540
1449369
8290556
9024443
7043820
5237792
6869390
3547808
9398731
9536865
6378747
7575955
1250225
8293540
7620998
6990406
2877885
5951129
8430040
5052462
3169456
4453737
7131811
3900926
4965841
8229148
6805809
3380212
6060846
6358924
5090009
1917035
8342726
9016486
5256998
1213767
1056589
9687699
548006
9144955
350455
5688394
6487376
2433248
6234086
3036610
9814352
5165262
1320140
8399586
6350586
4066123
6757006
175743
9701406
7623244
8795311
2957664
9787208
9796632
5157883
100664
4203266
6971781
2277161
9863592
9019082
5763509
822778
3341673
7428586
8672700
5777492
1311653
1150661
399295
7728910
9252778
246126
9484124
6308032
4352468
6658821
5330475
4454426
7098258
7857924
1397395
6333013
166233
2199043
5173525
1289782
232193
3649961
3347661
1732900
5269658
4169154
8366981
2478501
3112451
1551413
1004153
6576733
684246
8477582
4882615
1612765
4149230
3882128
8042149
5382019
6452221
9790821
5140654
5708294
2988460
2597302
3281853
6795895
1655529
4887539
8380028
2582117
4472149
6389984
4631832
5525347
3778362
4595965
611903
560207
9497264
450778
341760
8900849
4624706
9781274
6242590
6020329
4251790
7027565
1819026
1464387
960746
8264277
6505820
389634
4059319
3558405
7797916
5954995
202358
6741708
2445307
8836479
9419737
7899596
9535852
1613343
4139875
2099394
3855850
1627466
2913919
4427871
1678113
3708744
7627419
8817585
2987609
6104765
676987
3329936
4721678
1960157
6766996
9130573
1713202
3178360
6535985
9914357
5270914
5051102
8445626
5091501
9037486
2161846
4475836
2762650
3841360
7181913
8217371
2736184
8607934
9970880
7511134
3508464
5409287
5287574
6197954
9609121
9715361
727494
9874747
6845354
1803282
2551432
7564312
4999037
8724273
719539
9760452
3585564
7359573
6675102
1122797
4202073
8623669
8153418
1614785
528112
7705104
8365541
5696188
5390138
6929949
1173049
8259340
5913206
2064979
7869248
7693158
5296142
2009745
310378
2757260
7127751
5942642
2077542
9634061
7931209
1163243
5684809
4898372
9066723
8380234
7531568
4225794
1798914
2341625
5416075
347167
9533084
9531511
3158176
7800890
4412256
2752212
3915499
4355672
4886901
5591960
290170
1734047
4716091
1491023
8612765
9705462
8949391
3669139
6875711
8876594
9931923
4690770
2341958
499187
357281
5389356
3685269
2433820
8839530
3853499
1087831
7862546
4549972
7236496
6265526
2951343
3715305
7232877
1425336
5243345
4587650
300284
7979038
9573769
8886856
2647752
6370898
4357524
7037042
8815981
1043890
9296686
4568077
3142054
4909672
8769600
2834545
3851251
3916926
8671356
6492415
3051385
3548273
4037474
3403599
326248
1164928
480111
4678681
3167873
6851399
9526754
2191236
6664293
7065221
1877724
2232652
1146116
2656162
7262805
9458886
3125990
3510278
5235104
6257200
8575768
1032186
113047
6623021
7660530
5630769
8527928
2207989
3753601
6492772
7780961
8616132
4179567
2226332
378071
3902763
9344714
4151208
7883186
3252034
8506903
6897479
9777629
5307400
1304330
4391267
441474
2712425
6915307
6799809
569809
386261
3995188
4478098
6655918
5758668
5643096
53022
9815443
1385550
813587
6602011
6202107
3677427
1951431
9514175
8730958
6571906
3166221
9199969
5590083
4324583
6314283
9372316
7945916
2028119
6753865
5221302
1422158
5348272
9482206
5039087
3810042
7165488
9478013
6010839
5059713
4983052
3588344
5641195
6884875
2562214
4456963
7526220
6447682
4089739
9677215
4747557
7024727
7747099
4031676
3610208
2015692
4496515
2207694
4887260
7636171
9183662
3743479
7782907
2386018
2799425
2399811
1207451
5382506
5946159
6820247
1858084
7620813
8595204
9650433
2340597
8977787
6702674
1194902
5350692
6531637
9662063
417417
7978179
7075530
4650373
3856836
347172
143792
9583079
3989172
6473969
5238525
7918398
1608854
8928495
8608544
8387814
9258167
3088828
8475174
2225377
6793506
4125649
2028016
9969205
3013287
3845753
7396740
8996758
3982171
2554733
3153315
6658407
3340870
4001130
445176
1454108
4074603
4457565
8578770
5108786
3040176
2369985
3170260
2159355
3116235
8835653
4590137
8113011
275059
9373251
6912797
4314278
6137384
2540765
2863106
7093213
4614176
1159485
1909337
5511965
9090716
5514536
6321261
7459778
6615305
5398821
8369322
3281011
7482212
7798401
5281212
9811117
5341604
8328154
4302974
5095658
687619
5981062
3740330
330494
2711136
5358803
997684
2549856
3669521
1296
3776265
9334432
5315605
5029087
419615
9631230
1426796
8450469
9056946
3902191
3735080
2915459
6215367
279857
4364952
9086816
5769334
7091020
2271014
3759696
3017325
747752
5517973
5992308
2336767
9227509
8573067
8819069
8859634
5741320
694412
884173
3517527
7459512
3904308
5366034
712364
2821549
1651014
8379977
6730775
1795753
2493486
368150
5795542
4392581
3984043
146768
5675059
7542056
7564914
8176693
3830747
4010694
720223
9932431
4130642
9632669
7187568
2005977
2026920
121325
3905812
9799212
6390601
4202323
7437599
7446616
5919467
3389784
8136490
3670854
780683
8879128
8609062
4735265
1937169
1957238
1274956
2838471
2330155
9694945
2898306
7069271
215895
5890557
7757689
590512
3832682
9461275
4622681
7229582
1615800
57789
6098639
7148853
9157199
5944640
1859482
6136949
4412916
4437502
2019799
681753
5015870
6228388
3024263
9823963
2208448
4099156
9536154
7960336
2197057
4111481
4976651
7217063
7534012
664121
5870195
2645600
9864661
9272888
5553794
7079502
4261730
90782
3806889
2931923
7272845
6614625
3295176
4172678
8305342
9583146
61673
2222000
7640312
5867236
6661796
4210877
8944686
8016980
1496889
3124315
5089027
9656068
8990746
9217066
6199558
108808
1967764
9464415
1742358
5485746
5809820
5472130
2128863
7984520
7636291
5695219
8764415
7364749
325995
335981
8539218
6320300
9421227
8149418
8015380
1026297
239979
6180808
7010072
5605322
1907190
5265788
127341
4630554
9449814
3690922
9927887
5163175
1568971
8904663
5773450
2847853
4449030
3567842
7845415
1260157
1491214
611997
6232443
5524993
4465583
6231332
58031
5056012
8419692
494459
2302844
1385124
6243303
5488709
2003288
8736173
9003706
8122652
2982458
7654843
5740706
1841495
9785456
4370208
5875091
8743373
2970124
543144
9161023
6868458
4949176
1612774
9996269
8648576
1847461
3417286
6545646
428030
5175963
175324
9336410
276179
228586
7896621
3008983
8696202
4691621
2643116
5200682
8496204
5446901
1126126
8113992
5516491
3881358
8711972
8264760
4253092
434235
7650639
242011
8133621
6376176
7453033
7502981
7306505
8134413
5504340
7408407
6793686
3648671
5690861
1987085
252277
6306164
9078663
4835192
5282557
3107982
6914815
6948394
9535050
1873733
8896381
2361630
9956480
7043127
2561429
9266241
1493268
4581106
388579
8420976
6372544
9291748
2591825
7731094
8608559
7796604
4858994
3448758
4869687
7400761
8453821
4221222
4890583
8961465
9839059
596043
5526218
966019
5835073
4392112
8289926
2672952
4323359
9540626
2834178
5253571
5119426
2188116
8315233
6746863
1627897
3867518
8085374
8016538
9254504
9914543
9100903
5666234
2297045
8368826
5759547
8056692
5381614
7092459
3400855
8484758
6974186
5171074
4339125
6395599
9075710
6947054
4022105
7511415
6738199
2607158
1544459
1795589
4784427
5268871
7893101
9175635
4283815
371111
716306
1846239
4654528
9693931
6377507
7566086
9003902
3602817
13029
5926251
6409491
1396485
6750174
670021
5501305
2270019
5152921
4935637
3010666
6856432
9645082
3716908
9038545
8313789
4861124
2943086
9300799
840935
4813189
8781275
6652198
257543
521010
6293652
7981075
6406176
6480748
1047527
4027287
3646402
5935147
7877935
4756147
1159484
5627348
3516159
3427249
8612634
3101617
9681176
6417877
1187982
2103377
5694383
4588451
3268504
6150230
6847399
8969478
2532343
7999676
4414913
5607643
8056330
5748984
6916968
165631
6479132
1597674
1821607
8913172
7743891
5028346
946211
973843
7624876
3474482
1110658
5139351
6799032
7720056
1235174
6205425
919862
7108283
4525965
5886102
6773704
7008479
841918
5668100
4633216
820171
3298571
6871424
4678455
3205270
4532381
5240179
1343328
9823328
9778589
3675248
956372
8791826
8537901
5845503
3364779
4127339
3114225
2215121
4907817
7985615
119008
2208323
6852931
1043398
7926275
5255722
1082464
4274735
6714352
8886783
5710840
296584
6330647
9974084
1893587
2592822
5283407
4897933
4555103
6179922
3352471
882847
8961860
5899858
2927107
5936501
2361427
1860290
9821622
9812521
5384870
487137
4517133
8398748
557237
7137314
2533483
4607672
5337970
146418
5318074
8567763
7654351
4750234
9267621
2959260
6173681
8271606
9971037
1673777
9101435
4553565
563863
6378240
1059338
7477709
3444768
6053592
4932766
4457351
2728824
374443
3855475
715411
1826339
7701252
2570967
7665590
9923734
4111102
1390621
2866576
2166538
6699085
3022298
5105432
2578317
1681032
1684180
7607580
1436509
9731705
7967713
5505748
9826116
8507253
5670175
4098865
8718877
1638524
4263047
3453102
6870176
1079946
3444719
4804408
2095766
7428154
5272150
2884175
9584502
2652519
9209190
5929605
176199
1504040
207605
4173361
3737543
3387422
7619947
2310649
2621312
940575
4024830
2965889
8616531
701724
9427821
9709310
4675290
3615604
2990572
7778144
8161870
3161603
7030965
8663573
8586696
8782409
9751823
4236076
1455156
6624155
3983287
4981053
5522559
9616465
5810413
7447074
6791873
2938526
2621871
5340772
2427363
1398884
5039067
965679
5286972
33157
4104988
2928546
2344964
4326324
6248404
3345946
8516803
9591686
530793
8574992
6961208
2578128
7504177
1135278
1164536
2839782
444853
9530631
7830229
5516455
3989878
6633129
1216356
1434134
2945998
4245928
4445528
7404850
2020132
7877816
3983617
5259939
150169
4740472
7194586
7938730
9430699
9987119
5356518
1743060
3439567
2574579
4705814
7269128
563743
6019264
6059378
802928
7387315
1004416
650093
2984402
4419908
84852
8182280
9446574
5534635
4869597
6336037
1272431
7508369
194569
65646
5188616
298952
5572313
2254598
3839255
5136280
8041548
9781665
6635535
2974538
6615399
9185493
2496345
7700439
3717490
8191734
7127659
9688585
3748947
4656746
875393
6934077
4150733
3753763
6097358
5075198
9703710
405930
6209391
4673963
7146184
351294
4840104
4004252
5477457
8357169
4622321
1655392
297401
6075044
3761640
5389410
5244607
2122635
5686534
529064
448382
8651597
8927048
6212204
3302259
366259
3579848
5847752
9063919
6274637
9016117
2202053
1358059
2743871
3717735
6042168
6146632
3989189
779717
6817058
1655992
2127417
405375
5198555
7133079
2188380
8856259
2853577
9602595
2778548
8724173
1806113
1388292
8552519
8323027
7687011
3663162
5227139
6375273
3178104
867011
8900437
4167544
5180666
523288
3084458
5350690
5777740
1784103
8985601
9636041
8096804
9144375
8658953
8623786
9611882
2722474
9823300
7576616
6000481
7193735
6693983
4942438
6920739
6246811
8373885
2738558
1113296
577332
7832490
7957020
4430084
9148789
2097438
2072897
9575777
8115318
4065476
1473926
4448698
8325384
9878195
6159995
6784267
1279913
9675140
9586038
4963302
1959827
2799007
5188034
7013507
4983636
665608
9362620
5496474
8912086
4417943
7202548
9284648
8050816
5132927
7760126
4527501
7131911
3825269
6140411
5378432
9604644
210183
2387172
1817748
9732836
3568161
2403829
669292
6997700
7664116
3482069
2440779
9992793
9081088
2132256
7396742
6420877
9122015
6583213
7804720
6528563
5783566
1436952
8284094
7121649
2217485
2952315
5611643
5509079
3778926
2192016
9842344
7522497
7144021
6605435
3311254
73523
2238093
5989867
9244589
2412907
2388893
6220220
5835651
3480186
7269472
9388248
4807380
5749769
725889
4638722
2707028
217357
3450780
5890261
6522109
6761371
115981
8096595
5966455
183136
1414558
4400227
1709071
7696561
5186826
2990043
4785457
3294186
1867431
164612
6580032
2219247
6047605
5546127
9320518
8685597
7317891
437253
3937091
111580
8173318
5626090
9347990
194034
514869
3406147
2804048
4158047
4072286
4754878
1036409
8351080
6079830
6852298
5176237
9587368
5273529
907925
745174
5875602
7135840
1984163
601496
4169692
1680557
8162932
8245135
4798253
6940966
874439
5553703
1006133
3602769
5310080
7898977
4038731
718831
7471509
6286557
7038845
6639400
810273
4651303
4007087
2304233
699811
2363654
9065155
6666175
4798727
7947175
6961838
2719197
2035453
9881768
2156723
8139582
1547719
6212569
7378704
8622403
2298973
9645551
4192483
2843635
762866
9745494
8108378
2995293
8859332
2050482
5144905
3434741
7328805
3101855
9897257
6668901
1121734
2547076
3177760
3466365
9984317
9950967
1288377
2875668
4360784
8418396
9147085
8951131
9451760
6408861
32369
3593598
7382879
5289168
9823796
4556260
6865881
1776145
7446293
5205331
3784850
9699806
3417824
4180286
4617178
4617062
4400466
874121
680145
5686270
7245420
2880622
316387
1621465
9834894
2742606
4613832
2511969
4724856
6056288
6793222
8874170
4544200
9141770
439043
4097268
6784324
3324920
464360
6804722
7096215
1800274
7644178
3400497
1087075
133840
8960400
6347302
4111633
8565085
6200251
7271985
4461887
4973386
5981994
8238296
6949866
1463629
6053929
1261972
7560135
5708531
7500477
5980022
4093242
1520989
5282524
1413160
1291705
2739557
1048474
1706289
7862729
5994078
719198
3262829
5494337
897177
8099175
311172
7643391
2733149
831181
7515137
2628871
9212751
546722
5974821
5441612
3549776
5414540
5348055
2647951
8406510
1083086
23604
2327444
2842939
3038078
9750100
5848812
8604118
2084285
5143362
811904
4553170
6830675
6378780
4523517
8522426
5360382
9192328
78163
3201725
5459326
1365433
9824804
6290308
7122397
317159
8100045
5045060
567118
9385641
6590402
7861979
4710306
5750058
9342270
747806
7412131
1586424
7606879
8091381
2349297
8535199
7753968
9617162
6367830
3129951
2113491
714319
273739
6759486
5851150
5949031
3630554
7278153
1708296
7052737
45648
7592186
5198245
2089656
3365938
6183587
5540364
560499
9116919
7274350
8518336
3940785
5811476
4941811
6690497
4037661
1553189
2442792
9188056
4518067
6344181
8646863
4619148
8121846
2234560
7473411
9498627
7950398
7791693
4924225
6342156
282917
4699297
8129711
9103919
5305127
5114041
8344933
2833281
2033785
3587212
3349277
2384778
2508663
5323899
4493355
9071386
4118407
6254620
7973387
1453527
7976472
1070033
3811346
4615312
8998897
7669374
988432
6074602
3038359
8920865
6734365
3450101
9754093
8576800
2998787
291593
8738484
1984614
1734545
7261954
1379569
2334371
9138798
9697668
1156600
2950702
905540
5608264
3467467
2354937
4246723
9146020
1666448
2507138
9126039
4005944
5740814
9692962
8236650
4812558
798050
2530236
3730910
8762809
6041212
5654912
328629
6487826
9080356
5492446
7835807
1767746
7723718
7132267
465420
1150723
2536877
6715897
8564234
1926895
2296767
359723
6868
6955293
6180285
351995
8662685
1247380
7668585
2239040
1156733
207598
1306643
2079309
9247576
6489991
9455390
7309281
3637935
3908140
2362068
1596605
3261778
4427851
6593746
7238117
4312488
9077268
264610
1834027
9772301
7654762
3326907
4425793
7049940
2035175
2839226
4787396
4401648
5958890
4441755
7014469
5026104
6922897
547198
4452600
1616007
9292195
6741739
3924969
8914296
5300070
5163347
2791497
811171
1373078
9840385
3403130
6609600
5270735
4309929
3322001
6304689
5483728
4029633
8725704
7273891
5691876
1023449
3294009
6819803
9550687
325416
9465668
3980035
6504285
4684956
1068810
6489843
6418827
6130859
397134
7466092
2778216
2018127
3057615
5864147
9361180
8716006
7463190
8192183
4253841
7180363
2515972
4934345
5003597
3988456
9251897
132723
5390217
8333875
524390
9068346
3588525
1546746
6338728
2216259
8473685
8800491
5667411
9177797
2908531
7819666
1739694
1656298
7696032
3956285
7602504
7129557
4121229
892945
8072751
5066178
4212820
6856793
805255
4851488
8960018
1737425
8376124
307465
2493830
5729712
6569595
7181067
7085504
1133070
7914733
2535628
1881071
1310650
7440866
542588
7336076
6758103
2067073
3932534
6353
9677930
1749142
7765167
8920577
1636622
3318736
2511372
9360518
1432031
3746047
4373417
7595062
6816278
9923036
9713649
7417303
400710
8329720
7445004
1110218
457324
3212754
628738
4751072
5933795
4496452
4236227
3440515
8561867
1378430
6472014
1451978
9845608
1716729
590990
3018234
3521597
4197637
3455413
94087
9315270
9781510
34086
472180
2415409
1982797
8164826
3324489
7540642
5314569
4397024
1454739
8615845
9265109
1456932
7711397
4418452
4824657
4649528
7342226
3804798
9706915
6427226
9178587
5690748
8348004
7119115
6047169
339760
331934
418374
265776
2309295
2155426
6396904
1388620
3022972
9095203
635990
6410958
4007616
5038297
9980090
8642304
9576191
8310964
2091023
713479
1793172
414190
4362717
5887362
5544343
4529812
6221257
3734608
3991407
5553514
3508497
6550293
5606395
4791797
2846267
6138535
8579578
1069264
9108614
269901
5537015
2485358
8539731
3264810
8514923
1601908
8368785
4535002
3719139
6053129
3546645
1635300
3591500
6558240
2803293
1911521
4038700
3097239
8768112
8876870
4326959
653075
6689755
9122512
9387010
1898746
8323283
5830654
3695158
2822577
3423484
6553982
8696012
2365172
9401317
3660350
9742743
4947099
1047452
9411445
9953955
3310607
9616588
8144780
6775998
5202327
3768720
835887
3494711
2786745
7168735
2058806
7616377
9342558
3003815
9873230
4419254
6726252
7861099
12438
5849030
5707272
2784514
3503899
8653094
7514190
2872156
1952449
300358
9676107
1624224
5631320
2471498
6265555
3288299
7705912
5898195
2161592
3656412
7486221
7658397
4935375
9626975
1333899
2424782
6625887
649985
7459581
1482799
2777642
5640294
7716327
9120323
2793606
4614234
3439673
3851994
9589188
6344195
6436626
9704399
9253819
5357544
1331254
8732625
4910599
9937302
388684
7759097
4228190
2013891
4866238
722300
1065528
6983316
6289130
4332534
6537178
5172770
5039697
5809576
4653207
4202385
8665652
3892700
5132479
5976702
8443343
7749813
5958310
1207091
4119808
59790
3217749
3936572
9154633
2857730
8272065
3186335
8068374
1107357
7485488
5027916
8690212
7631107
2884793
9477566
5671170
5576462
4682929
6964885
5612318
2989127
2757553
1884698
135524
1440675
9297037
3609791
3088938
2029635
317033
1824871
154125
4914529
4399872
83185
3118387
6182769
4704944
4462979
8709079
5435645
5020652
9600423
6102125
5502650
9077984
4447336
3695938
9270190
6019323
8279396
9708207
4925438
7274965
8131264
4530891
5646643
8451797
429807
3466903
4551408
3052302
8501709
2936611
4128520
5350678
3239104
4939157
6207530
7833085
2187309
5288628
3071813
7033054
1076277
5759040
8272348
4920515
6553789
1918157
1166560
4963203
1716792
3223325
1233776
5253317
6922180
4969702
8854040
4555615
61563
1014578
8091001
520139
5689840
6267521
5089006
3398026
9906662
4022618
2402089
361406
2540751
8817264
5528317
5638628
7659922
3926031
8298637
3110659
7517083
8291925
460944
2889411
4746733
5660224
9000997
1836399
5645794
869582
64756
4756778
4431818
678236
1455806
7685186
7815444
3781416
9672991
2697418
7866017
9769577
9179217
8141999
7225045
9640361
1477618
4354678
4715134
9570329
7866289
3492802
4487960
7744621
4744930
3062868
5574729
8560452
9208118
829850
7191708
4465330
5531510
4990893
8796489
5954723
458761
3651623
4654538
5041380
2978760
1263983
9775100
4422368
917264
5134785
6908770
3384793
6654137
8893320
3956896
8120400
6052087
2631897
889022
4237979
1464454
1381952
1951265
8767320
134366
2344848
1930237
5897568
4089416
9732662
201852
4750466
6271021
2481895
5949557
2512838
8307982
7223061
9046567
7321604
5365301
1309897
4675096
8178354
6338190
9757611
1639359
9326581
4475691
1124122
2917045
5301200
859304
7745562
8450713
3925380
864395
4362030
4329063
6173792
9924521
9373390
3456431
2188277
4927318
5852649
8553046
9984732
6769986
5656337
391576
2249215
287099
1924133
7674831
7939904
569562
5231908
6424178
45805
3086963
3350745
5958985
4872841
5215584
2629515
2193020
2772014
4436757
8504394
2200588
7331465
5503959
3725554
980525
865160
5804455
5056207
5898116
7409000
7181151
8742802
5458971
4266842
8172726
5467934
8541781
7719899
7071917
989129
903401
3510131
4222967
1975022
2675973
6834358
1731659
3443501
7871013
8584364
8673430
5931993
2141975
8339301
5573023
7737274
6803777
1562835
7614694
7022175
7726792
4153942
3929371
8215352
9417779
9398459
3222317
7516319
8043421
3737984
6271993
6657349
5730371
124083
9949533
9475611
1112292
1368826
4812672
1347135
184333
3037034
1084339
9217813
4236995
4914215
1189847
6567687
4731619
4280786
2768372
1758705
111916
9567326
99385
7473804
6027425
7613210
4593202
445573
7018898
6466603
6662374
6736917
8670219
6695816
7318539
7366417
8726049
6829042
9938752
4336519
7482080
3650988
5963986
7325851
108696
6721934
6931787
1994919
6585013
9477661
7284986
8520577
5018602
2089880
609701
3377805
8650825
2747104
2187639
5380614
5572060
1857925
6122956
6158417
9889715
999686
7590067
5721864
21687
8178960
3361840
3692301
1295739
9468539
9648037
6452286
6914161
6002874
2757430
2657409
4231556
5604080
3964187
5157714
9208384
5873170
647827
9898158
9957304
8441379
475643
6208116
9771335
1587491
3433385
4223357
1920560
36261
5022804
7409854
3668421
9175774
1423283
8296174
7805852
9558225
7594968
8075943
5367406
8687073
8546397
3652881
7990965
2681119
457437
3382673
605779
5094893
7642836
1761304
3402549
6616708
8821578
2101186
1042713
7162741
3408385
7097078
6116919
1810366
4404416
2772197
4526929
2023344
7890503
1166640
8174976
971651
1301187
785739
4994062
8350638
3408182
9967945
5374990
6864936
8283328
1753919
6119839
7462584
9560849
5707186
3124198
3968436
2152009
2648291
8347223
5672264
8073298
314553
9864203
5784305
6226610
6648217
1166318
6850719
8021905
3328326
5135032
4883002
7378105
5124853
8129083
156577
5830569
9687512
7747876
2679246
4522456
7483188
2680760
1749401
9368676
6067497
5165617
6131815
6891624
3441739
2016434
8531263
9055824
6917213
6851359
4499937
4440828
2797526
5243226
3008031
43385
7288443
9152098
7942085
1750967
8264535
4402929
2060782
4870427
4477124
9836394
3965004
4294389
8655766
8660824
9223814
912373
2868920
3261170
7330671
3212425
8605972
9554833
3030116
7430147
1759461
965182
5110444
5534186
1327102
8717522
9398405
640835
7337986
4781395
9912256
9747476
2124942
6415554
2519585
2006269
6953386
3783694
1298241
325047
3958986
3730692
4934935
4106670
9086841
6109994
7147952
7599929
9256246
2640870
2280735
8733297
5243643
4760980
5955516
3624688
7752704
4647833
5519598
4796337
762826
9689181
8847715
4746927
8500159
631621
1958423
7339413
6086054
2305995
7175011
6333955
9694018
4577539
9961652
3981279
2153611
219272
1902584
3483862
1220335
4063478
4163573
8433283
1444577
5678327
8516363
6793120
876626
9351507
9750452
4159170
449868
8646191
561489
2857761
9517887
4546922
1611594
9644592
4432183
4237839
2213520
3838042
9639845
2485964
2289203
7003904
5344778
1207843
2388194
7869123
828128
2361972
3117962
2329184
2796382
2744621
4448085
1359128
3277134
1185534
1150304
10880
2795524
2356183
45008
8823465
3754455
4017593
7666541
1423851
4892388
7594892
203587
4943802
5075121
8244341
7963401
958058
1603212
1059222
4259154
9915639
7965811
399241
4341583
433681
1283651
8360143
3538399
9057390
6077692
8510044
1840417
8123405
4285301
5255041
2128605
1726838
3345047
6385402
299061
4555666
7243907
8306942
9741013
4633973
7694212
1615202
1303933
5973427
2910441
5149827
8476142
7741852
960673
5124404
2826531
7315472
1509612
6042596
8491848
124938
6378170
2509728
5482651
9989545
6112806
9476700
9831624
3508237
24513
2099267
5285023
7187922
2903521
1705304
5445833
4122534
5320613
6345159
7685732
5763929
4870701
3031965
4978689
4038569
7137753
9624809
103239
7371225
5792892
5026444
1777810
2889422
9441736
2571237
3700852
2292863
2771517
1759035
2435290
7678339
8235068
8596536
7934268
7812596
9520491
3565927
9457049
2719014
3981208
7276456
8692363
8947853
6482540
44605
7164954
3226301
1674640
7984490
7259125
3343177
5472964
5029513
1807702
3053589
4481414
2867128
739380
9878813
2774117
1785873
5132857
2224211
4924425
2034772
2612811
7132734
2027544
8625948
5184452
6484698
9628649
6530432
3818843
3851867
9141734
5491841
8323690
7203525
9593256
7731553
5687857
5268950
755323
6063822
1178869
2056147
1469668
2186923
8773797
7434816
7231130
99593
5470664
9086456
6492012
7185002
3253088
9530159
8749068
6163968
911122
3690672
1230846
1421663
4407908
3689846
4078570
1240433
9820511
3729198
5705502
2827672
1863154
3302328
3950745
2730260
4857109
9586749
590528
6539692
8715721
6157383
5318601
3791399
2708733
1461498
9204751
8235865
6054301
6115099
2363404
9157022
2648430
3967839
8151221
1529936
1788114
1477579
4433066
2998518
5652982
1402802
3664651
1805005
9657010
5777303
1614206
8873280
3379054
6115549
4613412
6968810
3262629
1113057
1420256
6584921
694
6021189
5112374
842568
7431863
6491435
5848024
9581709
8286122
7237850
9524413
9671308
3284493
7500807
6301138
8976391
4617838
9719728
7829325
7190544
9338084
282334
3265438
6807377
5641400
5055018
6050493
1282792
9790012
9699424
5740618
4989120
7813139
8413427
1989903
3097384
1057509
775317
6828709
2453279
7232819
6467171
2311470
7682253
8444062
6809457
5979173
2830898
7294942
9511985
2602086
110168
8173353
216477
3622841
5061544
8415007
8382890
4820077
4337814
5709417
8121611
9964919
1719883
3228479
1353652
2477401
5469218
9123049
3170779
9590959
8019830
1568458
7748632
655929
9231904
1234649
8450974
7441521
2183657
4829421
6717886
6604694
3892743
9834055
9071712
695286
8880978
1908824
382054
7659314
9219313
4728033
68103
6012917
3459624
8661950
7821736
4661331
3458582
986625
8643640
2556815
2821106
9253674
3550603
3981955
8443186
5241248
6453358
5073919
7504721
9858561
5665161
5488503
2691548
695108
817093
7264150
8659374
8992735
2903553
3109301
6837227
2792188
8104696
251357
2035240
3886495
2141041
941975
7374545
2425561
196995
1629073
5488246
6790350
3241877
4373661
4493949
9845381
9750271
3044043
6552380
3050435
1329845
2329158
1383513
5458485
7933547
9339615
2975415
7406231
6072261
7098199
5850845
3976504
1476894
4183567
1624811
4172837
3049142
7992043
8739325
32126
1599933
3521813
8499729
1255467
2569125
3711800
4099246
3362879
3015068
4311286
8217798
944302
9925717
8611926
5591295
5204420
5127487
4435285
134797
4774040
2011275
2912432
8516913
8331180
7902498
8932021
6226499
6525318
4487412
3416724
6335613
347181
4869234
7334599
4145642
4209691
5314852
2867087
2698814
7326850
4692050
6719343
6894945
2165324
9394344
8663431
5948886
5328322
1092396
8064702
3776220
788417
4173984
7658554
6824986
5847029
8035473
8074741
6507479
561558
3215981
5674233
2738979
5222149
4644007
2840538
4157208
852368
6105860
4130125
8159914
9627978
8057078
462973
7319315
2168261
6366689
6499661
4296404
4985747
9284158
2655221
8667227
1086448
5983667
3189075
1938138
2575886
1319804
8621311
378867
3170059
4022395
7541687
1718415
2872987
8362960
263212
5204089
6522974
1917593
5369410
3561190
3173909
5376104
5583388
2666781
107819
5763805
2181909
2190149
6243501
9975877
3843273
7444884
5223765
3090482
1559505
8155803
4021347
2773516
1083774
7480892
8894060
906881
5170704
1489902
2868662
1448798
4339608
3118497
7163489
5399054
922551
5918881
9186433
958787
6841107
1889400
233480
7148884
238269
9218228
1740586
6893946
4822130
2443406
1713060
698622
2475339
6988935
2041135
4433943
9640803
1050041
262914
1026118
8489143
420550
9491320
9930673
6817371
7908443
6760515
1417638
8131571
6681557
8349276
6509198
5940614
5888242
6068637
6310740
8474936
6380785
9149189
7686643
8862310
2126243
6369707
3288358
5782257
2588580
9394693
8738049
9886045
6449089
6612376
4674561
2115412
8100717
7477358
2123455
916443
758945
9425905
8097654
624182
9079614
9102940
3886285
6962766
1371496
9466112
4103718
5443576
5687140
655465
8860832
3585417
3293757
6886067
5051266
4956766
4689458
3279097
8048898
6480044
6045234
9262749
122589
230471
632444
1032492
8016057
5893684
7860408
3704719
6973337
130988
8703271
8649847
9433147
4640528
2609335
2985936
8602143
8683923
13241
5478969
6087599
8154512
8354294
2570675
6453130
105690
3893696
9161721
4999320
4323580
5794175
9504331
6685048
187352
1989240
1828851
7923556
1388059
8592409
8808471
9440424
3572199
377616
4284787
5695619
7205028
8675158
5105279
9286605
9450570
2820399
7368383
8784463
8317787
5906136
8644821
7626410
233534
3656086
6404921
8301232
7258412
3190579
8899815
3675977
4915927
2778364
3043936
4745483
9682414
1727482
4867333
4062446
1910133
733579
5075845
2205162
3974221
604938
4573385
9821671
1532185
7689593
6848037
3194026
7331677
1410950
4769088
7745926
928734
578389
6144163
6292337
423516
7901728
3831243
1159343
7554792
2490744
8633166
585534
2728531
1949973
6592013
6129164
7596635
5154540
9315466
9697449
5588555
5504822
3559096
2051422
6272130
5851815
5377501
4035501
2548810
6110453
6980575
1408574
110136
2146246
221059
1975097
6743273
8988889
8392742
5464748
9375648
2804934
9826148
465238
628237
4661046
8794994
2823369
7866059
6518186
2067455
2474009
5072279
1133114
27341
8129827
375906
3343665
3445006
2864160
4326282
8257289
745964
8627179
808821
238759
7781597
6380341
3900340
8579945
1981589
8696341
6167539
588868
5707886
7966235
9277117
4011099
7562298
3172773
696282
4331702
18830
4382322
1621484
7408687
6335715
5317051
1833655
5386460
4750331
3548747
8113959
6898398
3080855
6057512
8818647
5683563
6665284
3044086
5831588
3115687
2168273
4469817
8549842
4183169
2891904
6637213
73421
8978495
3486812
7270774
8421974
4284491
4527890
7848730
1049838
2103268
2492586
9148421
8208975
5144165
8903101
4406406
9358014
4783017
439942
5233312
9254769
8992754
4667072
3979790
5142838
2199603
828595
6770318
6911174
1634975
2513649
9233563
5977177
8544574
6079043
5138966
6919112
9798456
5420180
178068
5254498
6638362
9870482
2206821
5819764
5149010
3888774
8771602
131212
7427059
8768058
5259409
8151209
3307954
8837032
1730205
9185166
2791422
1861906
7890595
5952023
6995495
5846390
5413383
4193134
5564945
6513419
3286363
4121529
6486023
8218363
9624202
5975548
8675134
9967614
5926698
3826167
5528839
6305581
7079028
3725596
3840622
5408481
9816935
781026
2814871
1056973
3259886
3319659
2944538
7780328
9778925
971850
4758331
6384581
4386862
8392660
5303545
9627796
4943799
8639310
3030718
7407761
1331040
4452532
5454618
8610704
2961952
1871475
1167492
4033456
9764623
9241261
4824521
2555102
4981107
3363748
1705877
1880112
3644879
165501
9136056
7633768
8809770
1014055
5939594
3612393
9213347
118214
9246469
9202043
1155972
4058242
8639620
1593279
2892543
3767671
4861400
9727932
167276
5016733
901864
323526
20816
7173393
3121619
2827868
1179738
6141101
1587657
3545879
4288625
5779937
831515
444510
766473
450826
7017996
9663387
6204853
9283567
6509478
2586207
1127310
5519659
3723404
1770666
5922948
3936657
5584341
4256946
2836602
3892594
5767277
2168960
6198178
2693895
7414005
7733116
8105215
1270463
5892874
8220483
5085126
1734884
2056181
6548872
2985273
3711077
8243971
5388315
6574008
660468
4313760
8066509
5714224
9852978
6796663
895743
1187106
3972006
8895985
3718898
7733761
7857635
582547
3718778
5964479
6238864
475465
6476344
3826362
2781029
7821970
7050247
3276290
542010
2615872
5184202
8903308
2219833
3678208
8064937
7029250
7543304
744454
5424672
4115997
8406864
680961
1033999
7560729
8391833
4705018
1669345
7804935
8505345
9180644
6849549
2228849
457936
6107681
6361715
192923
2181530
6760319
6899301
23268
7553813
147147
4010715
4676985
6229686
5626815
8295352
490751
5697522
5300774
2601330
4834738
2662622
3152593
7487720
1356485
7177855
4331297
6980108
267035
2983423
822733
1366636
8536776
7694519
4069169
2565926
978397
5982344
7803242
2973745
8370083
3660045
9757008
849249
5450903
5925770
5516256
4323177
1279524
6968915
7607986
5654858
3828270
5436475
6322367
7312021
6841032
4896247
6016033
2344362
2184455
832952
9972483
7414975
8917645
3969598
1815672
3070
4045970
5865363
7583481
3217176
5128427
7483590
5685086
469474
9879117
8427939
391619
9144254
7505051
501536
6407518
8436677
2347357
7641226
8668857
875176
8499854
7128745
9048847
7578846
2475436
7675159
4034583
8672650
1976044
8944118
2477809
5629727
6635298
5739252
1244274
2955522
6827279
9629308
6276911
9834540
9674377
5804566
33676
7745263
3372716
3803749
2253400
7097868
3676145
7487158
1092609
1223545
3848375
9109904
556489
9880801
465239
6361474
4375388
8606931
5229758
8582708
9170715
6783862
8846612
3045451
2391037
1014267
509320
8230052
9695654
2530591
2589091
4953373
3421831
6124112
195756
7662829
2553057
265519
1125985
8066165
4394824
1118612
9081296
4293113
7260699
5872343
8337599
166434
1875068
5186918
4852325
9900404
8877837
9964862
1365297
2176597
5876719
8458310
5919387
6708274
9771022
5996015
4527345
5428046
735879
7431384
9794178
2335024
8986432
8250260
431531
8951467
3865133
8593482
3447353
6880468
6743906
8898654
34672
9086145
365124
4543322
2444300
5177859
9763416
8976663
3343735
8472977
8615004
9754169
3769978
698521
7362031
8518010
5797523
966004
9059685
4146628
6139741
6546890
9096592
7994843
2583840
2711389
9400490
8341621
1924961
5836422
3479702
8419637
1304791
6478538
860068
6596183
7024057
8487563
9627306
2698096
5351539
482369
4683547
6380738
351414
9876695
7489395
1441167
6534371
2906269
9290953
3028575
7878168
2738924
9863764
3248580
3232618
8294898
3493484
3119038
6228185
2397374
5488371
62102
5264574
5484690
8807036
5472958
3386437
5738329
3390446
3759890
7736316
7694476
506643
9749960
4901645
3704285
4833507
5021902
1979143
3821545
7528839
6285185
7169307
8734444
4654134
9752629
7958466
5544334
5820589
7417974
5661722
992968
18146
2231291
8237953
6057175
8949138
6107383
3195153
4290709
6905841
9284570
894331
993264
7272585
9510684
9584767
3662360
6805117
3771141
1880378
5766178
9700390
2518030
4555626
529708
7755669
3151721
7984553
4721363
2252868
4373968
5275192
8153731
5070699
5013243
9503002
721900
5437525
6552059
3946737
7637745
8119490
7586385
5486634
3024142
5907967
488956
3998088
3987457
6317830
2043775
6217093
9364975
7210580
8063363
8871157
6746890
5934894
4353382
3684925
2022202
1419320
2712598
8433638
5317081
6726258
6316270
3529063
7082082
2842547
5785762
233731
172564
1982210
9460047
338475
2777838
9358331
3249223
7376335
6221664
3390259
1843613
4161473
5114743
720547
1026235
194312
1743920
2449876
9818583
5968238
8578120
8400080
4992251
4155148
1288094
4910114
8564171
804273
5141562
4889924
8165452
8332580
1164958
7101190
5043961
3435953
1583253
7431388
1094499
753551
5461978
8915429
6988206
5303311
4897863
4844473
3418478
4230511
9156258
5662413
133169
4775056
6940261
4560997
5822698
1683527
3342733
166727
1314783
8346778
1728336
6566271
2705193
2365307
1525291
3637758
2103728
3495599
1199969
4399188
6867673
2549
1237991
4391123
9821284
3808426
919021
5705790
9531257
7554344
6426009
4587052
9635204
2454849
5999101
9698763
3331815
5258063
2916534
9700419
5951986
1753455
701872
5450773
1361573
3879115
5008542
7441206
2877573
2065905
8633713
37772
4957702
5395437
2374448
5495188
5633823
4928229
147267
9138890
1906676
146632
7056241
3139341
7865175
9642854
9151192
9321456
2058340
2102481
9026310
8565647
6340162
3868201
8866543
8075165
1607770
9401016
1069838
7130158
384665
5374156
3923221
9335209
3635470
3893110
7809725
5724122
8819321
9135360
5358448
6346350
2324440
7776984
3329610
6668009
964813
913700
523574
5348025
464507
9405344
3521602
9034716
2011472
6340506
3250257
4482050
7381041
5065490
683785
5715191
4365196
9415863
284066
8298870
5416281
1871706
9812101
9199035
7881236
5495347
8253169
6774922
7775659
240331
3480064
3557231
1328284
77594
2865812
2262324
2023023
7799313
900127
9823763
4955174
9194765
679614
468510
8646530
3416185
2458685
4628689
3727922
9156310
6165423
5205520
6987604
7348802
9292981
6738132
6178253
71123
3152093
5103476
3944752
9518176
3438383
6125661
8076768
3542580
6958959
5432257
9565563
9953485
8320688
4735561
8747160
9107802
8431956
4872944
6545848
8606935
4764225
5683764
1312785
268101
4267136
9562758
3026738
8079814
9474032
5281836
2640263
4801730
1304161
2031563
1645082
1890681
5106959
4378778
4755818
1498627
2271223
9255376
9027489
7638769
5984203
7266180
674447
3748081
6864011
7099975
4606273
6596048
3810001
1403261
6652732
5373737
9523141
9801295
4769105
6460870
5624774
8015961
7926243
8828755
2819941
3677365
9108291
3687460
26861
9488653
3443718
6738666
5730048
2720131
1151670
9117580
3269269
5906526
3364150
2891605
50810
6530519
7071137
794448
3895585
2050700
866810
7391503
4082641
8409732
9251675
366360
5061921
3755186
3170068
3277330
5583582
7397083
7613670
8516868
7476608
4783595
767860
3736814
3256256
83775
7598414
7571849
9188387
8073551
2232282
5733165
431275
4908217
9243892
1508345
4590859
2679767
1444595
3991741
4060782
3301433
7269632
553851
2663561
2056534
9850608
5988597
1480630
4500601
3653883
5899801
2981019
6184987
637308
1796066
4419585
3892667
8127391
2394369
1317517
9305846
8945315
4852189
7330087
5921624
6212653
8535719
8995704
6298349
6405525
6728291
3733115
1648688
3078660
3048834
4758882
1767530
8579546
217897
5231811
8046398
7293689
7333583
9007194
9729852
6490941
5576549
9163871
6672109
4377839
7718606
9966633
9818132
2888201
2213349
4279363
3231135
8835433
8115146
8359569
8850062
9920418
3296786
1402473
2418653
6992788
6378187
213379
7048910
182450
8381819
2831489
4122962
1983424
5242412
5009788
3607860
3862224
340460
8300048
671485
8750396
2678988
926785
1809180
7503258
2185515
3136141
9068376
2270200
7339360
2123977
7106370
2400964
2002053
9881001
2166429
9994428
1703644
1337405
6224176
4992443
299140
5834599
1554240
6540411
815370
9898949
2180608
2936338
5138371
9612525
8599904
7492475
9521889
8369026
8656247
7698300
7950212
7548119
8744695
2471697
9456767
5593737
4479476
8642654
5203662
7602188
6959561
3313294
2164441
7629687
3666214
9422830
7761278
8984916
2240451
959968
4063880
555786
6457040
9894944
3131155
7860532
3620327
8750868
3813206
1808698
4744757
9306792
1615482
9931955
7918963
661248
8713683
4998371
4338940
4384115
9606383
7631142
5995239
2985652
3417103
4016600
2681781
2050184
7498773
6386412
9968244
7727503
9175396
872896
7858621
6056956
9459100
3358509
847409
9223241
9200051
7372806
2869260
8543363
8750738
3132300
8323377
5577589
4210536
2063652
1651553
6278321
7146337
5340520
3053793
8715619
36592
259046
9016706
238797
9417066
7222298
2419067
3235859
7505444
9942093
92880
2557930
6816978
2099425
9616169
9045557
2621635
6829876
6979143
151644
6186975
5948809
1331253
1724188
2175421
2210332
1776818
5199580
459822
1432756
4954768
18912
7882090
9169164
9109136
8261864
2102361
8233203
574151
747849
5103312
5353390
6041781
8096341
812557
2955778
5417864
2525177
6981661
1554532
122159
8274630
9847887
8007668
3590306
9503230
9612836
1154875
4503305
7618391
3107107
6736819
6239760
326517
3811487
9847527
8343609
432315
4463257
4832490
295816
3255672
2393034
8982636
4456005
2014568
4486849
3774779
9930366
8693709
109864
4255204
8032555
467594
5087483
3745550
4266614
4865574
9774362
3932280
697509
226493
7150135
5839308
6261048
3579668
3034593
130950
1853564
3138851
6391683
4867935
9407915
5867829
3908723
2883695
1773756
1449759
5786141
4752495
2924657
3184170
474456
8112904
6112079
4054460
7957373
6703052
7204434
122376
5916713
8612990
6633221
4033584
4251047
3078298
7764545
3373644
9100585
1488495
6445367
1990771
9047130
7070564
6866538
4238739
2576836
7637341
2478391
7483858
1105985
8873628
9281180
683589
8823826
16187
4079402
8599892
2326282
5500815
8865178
9639267
3938939
3410728
7677530
3715672
7873573
8935677
8560597
9456001
7709177
6221912
2873626
9336429
269103
3682340
1064114
9650257
8118437
2708946
5827604
3939509
9245462
9098040
4639283
240985
4539821
6984984
9602085
9429901
5051463
2897256
3171899
383510
9465383
7064421
1529829
5762845
8857647
6453800
5201282
2292220
4820895
6946341
9240129
8221647
5152491
1077078
9983902
7743725
9719025
1047113
8356301
4980235
4174335
9541991
802830
824853
3313613
9445747
7235725
4252924
190046
8778052
4574217
6104861
4731228
5900030
7218480
1835669
8983589
7019428
9036780
6838176
8262112
9355217
7678706
7001522
5586187
9307309
4317893
5830531
5694585
3448246
6100161
7558756
905404
7639123
3317408
5891261
7916391
331613
9915924
6378371
7763650
2720249
5820908
9916946
8765467
5797938
6042935
2818528
3584809
4877252
3813962
285166
3933390
9953263
1500634
8826338
6658781
1141874
4724732
2987554
1587064
2533820
9271672
7394406
4889664
3150485
6089151
6974602
7896500
8182482
5890236
8981950
6608627
8709503
906072
1662836
352193
8115950
7415149
4196934
7807338
3284932
6607647
1776721
4726891
4032766
5311119
7799844
6349035
2151245
6813426
9137879
1104061
5221079
7133756
1126228
2495254
6808205
1071840
1133497
1189254
5084988
406076
9985188
6957329
5729288
1884242
4979013
4456508
5193582
9873801
8788754
2515482
7113811
1829071
2758815
3902705
6118176
3753409
9579684
6198141
5643821
5198873
6523118
6216103
6503330
875092
1700501
7788007
8704646
6537740
5358270
1922974
5874661
7659202
7172326
5778621
4681686
955218
7550729
569233
2913046
5158902
3436170
3228061
4847742
3607730
9136889
2016384
7024746
1440446
7915189
7807367
1737454
7729023
7404935
5236108
3502968
9266711
6264474
7918902
4211981
3741708
1696525
4974012
9755213
2492954
6471818
6114078
4180431
2419493
9499190
5457193
1395755
7728526
9647409
7372487
1636046
852114
3282627
1755731
5620872
5899664
8168566
4622172
5293403
8968068
570403
7295105
9619886
3823149
9621777
9860193
4120345
7121880
2876253
9434178
1917119
7650484
825392
2738169
6146933
3649411
1120388
2202786
3128830
61226
4842678
8440213
6626181
8048248
9341230
2028741
584727
4599228
6635961
1690970
6207136
6220210
4626070
5872199
7806899
7212115
2723122
4478420
6199567
9041341
2902120
8095014
7774700
2765666
7558466
1144891
7528252
5757189
1175391
8572318
8125164
6115089
9816766
8911626
6715103
1149448
5155917
557461
4503689
4329864
2229915
2803625
426167
2069572
9191154
4599231
8800245
1373682
7291174
9517320
7609668
5778666
3861148
9805015
6757461
6203268
7496060
3794137
3739489
4144154
9483570
3790257
5936978
5535861
6009542
2574758
8188900
6803213
2921269
5212044
2801556
2609571
3123571
4407215
2698882
3715524
465701
9526712
6290955
8859947
7894192
4981255
986557
7828199
9819845
224698
4931090
1741548
605948
4805761
8409205
8458713
7419990
3902042
6158639
3565780
2803997
7770720
8854861
1418384
8101200
3626249
3051940
3079400
7025761
5494046
8070773
4447437
5434883
1002495
1534857
5313808
8647953
2327498
8604730
9534117
4228241
9342884
342699
3256038
7481331
3247177
2219865
5803020
431072
7420347
4043839
3897981
4584076
2088746
3958463
4646502
8495341
963376
1987696
8243551
8062309
6706363
4449315
7776718
1607370
9460956
8244672
9856991
5830795
9380398
9804851
8713799
7218795
2173299
2339488
6191529
9113624
8118270
68365
273241
4091215
9880445
9495064
8881203
5995030
4667016
4584320
9282544
3251840
3446964
1866088
735865
2296998
8992300
4671946
4724417
8762827
901955
8215766
2437546
5139550
9029008
5510731
8124035
7629935
8929088
9241569
7310779
3141946
353384
5434938
3871955
954590
714529
1994022
1830362
6097977
7603175
8761838
753219
9833642
1835040
6967913
5237989
1496195
7023326
8321120
9094564
4077157
9452256
4066433
2581602
8433031
1191688
510341
9602536
3236883
669822
9162590
2952780
6403130
6231985
2294558
6741799
870967
5942829
1935826
6043566
1682550
5985278
4166559
156194
4958478
8935231
645976
9411108
7794357
7310765
6790745
6053018
9590622
574233
3897619
7209373
1806218
7932362
6023039
6097466
5158232
5146156
7088334
7772210
4363536
6873368
4279485
6318983
2785785
5695255
9541958
9511289
3478661
6345533
6209632
6601225
259098
4953629
6520152
1458655
8508135
910778
4075176
9496980
4508194
8630664
9682244
9938093
5131442
142962
3818445
1467002
3336232
641066
6431252
9785477
7418638
454732
7269466
2157109
5469571
1392727
9509532
7720732
4527638
1060315
9718447
9043436
9993707
9367737
8359975
5660086
8659019
8513140
973237
6032678
7999488
8186595
7231435
5461173
7327876
2565505
4593767
6406870
7084618
970710
5253594
9882300
3232185
3172290
7537722
7562896
6063403
6789879
3943479
7562774
382988
3321043
8207302
4431533
1217948
1755382
5784022
5213124
9151373
4220243
8087208
8583964
7642054
5129224
7462333
332653
997223
3780921
7631363
775944
678562
7214113
90884
5870844
5815343
1881919
3638527
8898476
8363632
659691
1691257
6411197
4221298
6922326
4688123
2850704
6386900
5561234
3110166
894823
2608148
9977907
610274
4067417
7252487
6054788
8265597
4931501
5923985
7664071
3850145
2275602
1394937
8709822
7041948
6812428
7068617
4174007
4927559
190255
8960684
9059408
3894310
669855
930101
7724601
9551547
6465617
3573457
2735717
7800423
7411462
1380975
3517485
6821695
9520246
6195640
3704229
7417409
5760706
631277
8827462
3297969
6701877
1443590
4432266
6038429
7839448
3464882
5705278
3691286
4804272
1429735
3177138
1190454
4680865
2027996
1609467
7823686
6312934
3592252
8479025
1457398
3340527
4105641
8796351
3893756
6385962
3844306
4113515
6376241
396483
9148556
8428649
9340704
9860643
6278926
5683332
8198456
5644006
3173601
7015424
9055798
6115605
6628232
1793302
212724
2519640
2460801
4295552
6376005
8988224
4234353
2004153
1533007
5169605
8937585
1723342
2451796
4518442
373886
6243123
6757658
6016985
6803568
9161871
9032962
4921573
7817877
9308949
8267453
6659892
8967203
9269494
192230
2472909
4774329
9855004
8765271
2458810
4399101
2818847
119542
1136761
3317820
2490127
9153950
9451889
593371
2701980
982213
3263709
5196314
2842080
2046352
8444234
772716
5326024
587402
8960452
3807188
1044120
7985553
7353487
9064228
4342737
2718029
1133934
3807626
8399541
6694375
7104190
2662736
6714504
2431298
8493848
1237735
4831777
9535581
1308569
6790208
1873358
1373466
7706330
4573802
7455535
2717092
9097142
2715779
2891342
2334360
1343777
809309
4819328
3410502
7754828
8729945
8865156
4918819
6306425
9701219
5418431
3005021
4854134
4561709
9360933
8473573
4169815
7114631
2424816
8806751
4545172
9550844
5150198
3472261
6551591
8120528
5939831
9756379
7655584
3402716
4339198
8107770
6259906
7576825
1453575
1980869
3535633
4402168
1526728
7435167
6431774
2613452
1222200
6963015
7500207
5167734
9328296
1718883
9465336
81070
8738937
9752747
8562430
1587705
5677455
5318220
2362478
2735638
7084718
8645135
3575182
9712898
6577792
7151080
5085757
6548208
6454038
2423717
3431945
7548556
9876686
7276130
5865158
6819934
2605743
5463934
9921695
2756025
4871784
6731860
6028680
8123010
4857963
9311954
5870745
4167619
2107206
1161296
6329402
395643
9741166
8602282
7056244
2987310
5654389
4660408
7461845
497041
8788807
4878942
8113515
9283693
9302188
4142522
2313695
6794551
5417452
2449506
9911725
1016313
4039547
5470433
8110341
4329526
8337408
3177078
1386475
4709958
1541525
7090993
2732033
7955872
4831759
856331
7350964
3309310
8845376
8724528
5328115
316648
334678
245369
226168
7302289
2564421
6136578
1638388
2832859
2076879
3075359
5477757
1017440
39906
3631687
4403463
5323566
1833411
7913806
4311130
3319545
6063095
3293727
1994562
2741599
6405711
3219948
5383782
9654285
1563875
6007543
3479663
2140061
5806543
5606010
3279552
6462809
5791320
7521157
2536717
7711927
3268072
4472473
2639149
6979983
9533313
9941168
8961981
6502251
5067092
2615462
4977309
6265322
1036217
120985
9488531
8241215
5372310
9109059
2512278
2127592
6785666
5938699
2021802
2772368
3282985
5069048
6702431
900576
5136283
8491123
4514801
7308290
8604153
7911099
2004178
8168419
1213070
2705015
457937
9744113
9105039
5019245
6638892
6744068
5553207
9159690
6535227
1203035
5198420
4030899
171639
7149471
4877965
6139020
1392013
3118328
8864695
7396519
7729618
7466978
9769386
5125179
6937340
1103374
3708984
9488528
1197128
7470431
2509724
2722194
3531518
1393502
2124622
3828896
5278630
9583411
8855666
7561441
3185314
1855256
3312572
2571557
8166228
2777897
3157166
9361917
4772141
7368349
3104044
5702818
5556859
2636912
2251620
7132837
895395
1369272
1426570
1556181
6854510
6653830
7531877
4092528
6546436
1227043
8367083
7207987
4478598
473253
2261017
4128491
5780520
1506788
1581617
9833979
6593947
7589383
19913
1712755
4790300
5454530
4618531
5902351
9988021
6207070
3202667
7184529
2425969
2560260
9872649
4983288
5630142
6932882
6148999
4656592
7401958
3521840
3426123
8620202
3813453
6782136
5669396
9289539
250867
1232681
6983725
4111565
9654942
1644872
752665
2521684
5815813
9254022
7579976
4909136
1016651
835182
333568
3237619
3540953
8239172
8987484
6072779
9653100
697590
9905407
9733021
9775655
2074721
8699044
2890715
4494389
410092
4058706
4629975
3273789
9462399
1767176
2112749
8176632
5941752
7155598
6452622
4064481
5382252
3601738
9712703
8949043
2387161
8472604
8611400
1681015
5781992
326036
4295566
4923854
2397125
6614710
6883446
7550125
1866641
3625686
1217836
2144485
587867
4242217
5616838
340390
2945545
616632
4147047
7910650
8185575
8377219
3866996
8852439
3200789
2993499
5716226
5542754
4173488
5152986
1859095
2958767
6924716
7351048
2857267
5957263
5687666
5534102
8720667
7970507
7782275
3129922
6065308
4355552
3830371
1906313
8400711
9080923
2419418
5521188
8136402
4312947
4817590
5603649
8585134
6809868
2439217
7106800
3216047
6274197
3888288
9423131
2371316
3575538
3330676
7560427
5592654
8801085
6486696
3689319
7128661
2999527
771626
9072572
807665
5091939
4820284
6515553
1931416
6420895
7820939
8943109
5384266
9047661
5223291
5845458
6066157
4237051
10069
6663139
1979904
3151276
8180796
8686005
1998773
722327
3247140
8448495
7972521
6098191
7033499
4345176
2857113
4284805
3629391
3170411
635860
2462668
8876723
2120645
3351375
744185
1220449
3534081
6813341
5941139
6546475
1129103
4545189
1623657
299259
8651868
9110721
9943575
6093580
4941790
3526568
4959313
4324951
5974848
314237
2030574
6685600
2409016
6301341
4048441
7914209
117218
2380766
5211437
6072647
5409766
2688109
829650
3485953
9428341
4942896
4500358
9988894
1939007
7745977
1784662
4864343
4075153
3291733
6209895
8983154
6469115
2256770
2003001
2268824
2433819
3796884
3632844
2251872
7317039
1366427
1170387
846916
4359594
5488141
7126152
7186689
4869826
6753677
2460584
5714173
4243429
6309952
6477280
2946369
9244472
8210223
9037374
3077493
6602654
7025645
9623127
6296110
2208152
1519975
8084441
2064830
6061179
1794523
4859017
9126203
2663174
1518069
2664018
8288476
9024336
5183860
1688295
3866156
3445238
4744692
1733725
2108439
8916012
5561634
7540665
8461346
1361868
8883671
7402909
1423524
832124
2800120
6730922
1055797
7079387
7517570
6933967
7516260
2820572
7153553
5229486
7312376
8190211
4986120
4563340
6561933
3803864
2598550
8628316
6009501
2101776
4861853
5393287
2030431
7455790
5678546
2155192
8995486
10228
9153848
9275697
6236243
626996
6396717
1663250
1963181
6989219
4659748
7589674
8015049
9649893
2510713
1387911
1662859
3055969
3693654
3456688
5322180
8389550
221802
4587403
6859703
9509360
8295844
380659
5499747
3832349
2752403
6256025
6816002
3649362
197054
494904
2539356
7908966
4351174
2431051
2943548
836913
3825282
6969503
9002266
291940
4780815
2276076
7334618
6516400
194617
2000692
6291362
481747
8238526
12658
7183041
2298009
3297086
6682821
4018259
6360465
2506112
9105229
5296344
7843716
9417929
8495882
2797235
3508871
8302210
6073558
7571177
1818452
9706487
7755075
7642080
16163
2659861
2426737
8972404
2677679
8898940
3393272
951427
7619470
6936588
2697327
2505237
860773
4366049
2691206
8418830
9189505
6230863
9430437
8566607
5293525
7775566
1952048
7021437
7300404
5425075
3649061
7883118
7727634
1208825
9869869
1886009
3419299
5665502
544424
6328228
300780
226614
4578059
8847877
8936143
6797473
3311792
241963
1880506
5034962
4866855
2279347
7822969
9887108
1949891
5327747
556727
3248351
7428399
4940295
7472076
4292430
8488746
5858215
5099524
4591801
9060645
8564665
7124932
9718017
9729070
8501834
1431068
3517995
156959
6185919
5936882
8583890
2697410
9706766
5755924
6398913
8103749
1852207
3936655
5977240
5078619
6631670
1119733
279631
7328383
7982312
2930920
6402098
277006
9110503
2493195
8389679
1845023
6905069
2351831
4460446
372816
6358159
6070129
6804183
2978295
7013337
4131268
7914196
2101770
9470165
6350123
9944892
7838649
6554811
230937
3703468
7640441
7478008
4078406
2508032
499194
7432853
4972387
9575246
5441181
8143410
9559453
8352907
1854266
7707481
890151
3901297
4311961
271326
7604544
8943224
9708862
6652075
9470268
1401110
7357265
6999296
2152183
6632321
1466715
9877241
7482328
766620
9585139
47309
5983079
1842847
6166182
621380
1938250
8766221
8022083
8336384
5801852
929038
8249367
1704
2384411
5250414
5068091
1961782
6276982
3680726
3908754
588066
5701635
1724640
8375449
2415588
5354813
9935370
108634
641375
2168897
6767760
2669492
9663767
7051256
7182342
4984558
7546869
2024641
2673161
4176592
6308359
9909786
1829266
8180921
7444512
7283666
9060152
1087055
7429415
2643646
7598812
7386988
9746385
4869141
293094
5550228
7311441
4693144
1194304
1328627
6577747
4819529
466822
7300444
2450125
8179559
8858721
3588733
6585049
1390926
3585571
9410101
5017197
1239741
3091728
2728209
9940448
6832175
6661992
8048108
6718767
9763618
2904647
1805206
7162605
6994053
6060136
2231201
3406763
9987346
397877
3578158
9809024
1441775
