4186095
2452201
5958620
921737
5548545
5025422
8209057
6585187
4927677
2851491
8071222
7942619
2875585
5343364
2880967
8493641
8148612
4708321
386616
1091549
5997758
4293057
7150018
9737223
7870045
8672298
3593865
3447739
3409137
7574301
1754076
2386278
437504
5367856
9109611
6479079
8913029
1610353
2923214
5636558
9511431
6991823
416760
783195
9250699
6244068
8635688
3360007
2089494
3468511
451437
7610840
3311925
813535
8454723
3472773
5261920
9063492
4767719
2994646
3246834
3318772
7625486
3759215
4150843
2711438
762162
8008315
2687608
3773968
4848980
1774048
9076746
7688570
4346568
4847750
6257096
9486781
6574875
9397028
6634631
5835752
7895839
9529742
4145713
3701911
2691101
4975270
5653147
6765783
3217516
8360532
3359388
173063
2923206
8218906
5608369
1191684
4191132
7279758
5976456
8066537
8768075
436638
2719247
16648
7336125
8499999
7057426
918704
9619594
3160119
3702684
1580585
8501397
1315436
4058268
9034679
5703713
7383897
7728135
6404094
7231550
4042873
5516367
4317596
4438777
4572392
1083445
6157747
2629572
9487824
2542380
575820
4294461
8687511
3622591
2943064
1062186
4890991
5016114
4908693
5659053
3890351
4570187
5322972
9978450
8127563
7842898
4971660
6279344
4157196
7530226
1881716
9853229
4546847
6718976
3691085
2042085
5451735
4007593
6784644
3177678
9171314
9923277
8265505
6022941
1970075
4351859
2053798
5491759
6997544
7950504
4278338
6622325
2410167
2866036
5660903
7291515
258184
1907753
6275708
3021136
5928457
5490791
177472
1229980
7885258
2677017
8277459
9291313
5086613
3766832
1781008
1387410
1477985
353734
3601459
311903
8239138
3202335
2662528
6854399
9321812
1619783
197270
680215
9825090
7888907
3531991
7841759
4105784
6014417
3424075
725079
6900437
767471
9332454
2571208
8089095
9538009
5824081
7064433
4488511
9539650
3026802
6436139
8382855
2156038
7736366
7297191
8981892
546978
470573
3092161
438185
1793768
5695138
3973013
6092612
1283829
9685283
7803277
2942045
8642239
7350739
3593847
8269255
8202652
3385279
1481089
1657654
8219776
6070382
2192983
19350
2650565
3056111
6088231
5186992
4903289
4684569
6053318
8929221
578394
603789
3309802
3627824
4944282
5642360
8401659
3176721
8643296
5952365
7186934
6017395
8148289
807119
8904441
1002793
4479931
938498
7282227
9562091
7042260
9806245
4311658
5050019
9622239
46984
5191889
1802714
1224272
4124266
2350109
577780
1095090
7343419
7363894
2026568
6621204
4790307
9977839
5139386
3538765
5149228
8131876
7640790
1897476
8443708
5950438
5163761
6933780
2674991
2827508
5833155
4573021
5273503
3921007
8246187
2939659
7553773
9955142
4457703
4756868
2321203
1505327
3179809
8638097
6315544
5326233
7826602
7250558
6503468
4224922
3159822
8731240
4408337
9079217
9772866
8506700
6918483
2175274
2072900
8237702
8453715
9297908
4057983
7291374
6120215
6619372
4524322
4428444
1383106
1435680
281540
6068208
4324034
6410392
1909899
9897932
2663862
4818969
4308642
2704217
487152
6037961
8039060
7844976
1576891
6235666
9671718
639245
1596750
2184799
9307955
6135082
4458821
7814500
2375286
8338106
8232765
4844840
9799019
8935773
1520659
9566358
808685
3765340
7780660
8018783
6540333
2283803
6232501
5181897
9616035
7599901
8708552
3858160
5402029
9359445
1272168
1702820
5521708
5751486
6145806
2733284
6816447
4859885
5159334
5494702
5543290
3056651
2931666
2381992
7164513
448201
3397036
9528066
4569991
9435004
4468275
5387254
6049039
2599286
7764208
5009021
1721247
1949819
5486266
7423923
37695
7356059
3318690
8709329
4496900
1479736
1720176
8072786
21126
2017600
6249130
8175881
198470
7565212
2852560
1004820
1448408
267169
8880997
4116626
3869555
1878511
4520657
6462362
5074742
8675948
1741183
1079859
8746525
6374045
2829000
1435855
1196811
8833980
3688021
8019492
6206168
6933099
918106
7242166
9384523
2954896
3888824
9990839
6527103
640709
5216368
5797521
1422176
6764734
7620542
9242783
6169994
8118016
9490093
3834244
9250244
1845137
3400412
111672
8704942
5939275
6377930
5995069
4206632
5601837
352714
5620932
2565927
9985585
3233806
1853344
5002902
885182
2402237
9050320
1024900
1294949
5416512
7498297
2335744
1307316
8194062
9680240
7848947
6600644
1203135
2982887
3981629
6885871
1110798
5571753
8553867
1768682
6497295
1957502
3407877
1641341
2664487
2215541
6152709
8244703
1943076
9974827
2673142
3935369
2079484
7072169
756174
4873813
999786
4622580
3444576
7369604
3658985
78108
9434347
7463200
4646893
1675666
336253
7675314
197684
5467394
351650
3514764
1753267
6932928
7845285
9777713
9761295
9154083
1455614
834635
2478735
9994761
2625897
3665811
4411604
5055175
5522602
9235186
6708141
351124
3785146
8909856
4914977
7242176
2214867
4098550
8178694
5862830
772359
5684406
6130488
9567225
9115151
7753804
1613429
4455332
5634599
3117896
8997621
4336324
4866259
7399893
9025734
3797528
2036106
2438563
7700165
9243185
5252218
5905897
8537745
737126
5945426
9970968
2934212
6958823
8866394
7653626
1393847
749195
7029799
5141065
4616074
1884769
316443
4944738
4704971
6847287
3567646
7590667
953900
320098
1720237
7835611
7264407
1133494
4180076
5990009
2930198
9303144
6129201
8986384
2881355
5401410
2706039
9219824
2108299
8069247
8733166
5900825
8064729
3247579
6620140
7299355
5927283
4058799
4648570
4183689
517265
2733838
473993
8294785
8122076
7855175
9098691
401593
6654793
4676187
1793132
7125568
2025858
7923139
11007
3249291
6413399
7568614
1855886
433233
1529477
8368682
8230892
1853894
2318589
3121836
5541914
7853482
1575409
2084708
8803662
2522907
9280519
3232015
4670247
3067465
8817873
5737856
8502304
9674233
1983060
3362916
1875452
9267930
3629092
8582913
1419433
66072
5435258
9957524
3069009
3264238
4698795
43505
3977439
4173502
5413182
2017042
3612611
9789480
1138201
4578481
1969481
6836444
4077594
7546089
5195697
1536194
7171264
4309834
9973294
1724967
7212604
1473341
579149
8906801
2391541
5035359
1301521
8059862
9544954
2909486
768566
9571688
197290
1603649
9517317
5224793
1221914
6774807
622491
6810330
7130324
1201835
4394912
8458428
3704566
3408829
8921414
4549519
7889524
2564521
4716992
5852586
9709329
1710749
2624145
3348445
5337160
4948257
9012382
5630111
234411
455399
7648239
5990643
9431298
3892327
6551824
550908
6972965
5616436
5962031
3378901
2048911
7913492
2164598
7426310
6037532
2901010
3840253
3591007
591633
9499821
4223988
8124666
9161120
1399307
5303523
2589921
3347034
5467030
4411043
6008643
3991275
8263898
1288198
532024
891869
1127865
7122558
1562297
1159612
593066
9230556
9703911
949039
5653815
5109101
5304781
1333689
8064833
7567426
7390765
8043543
376444
9005017
4254134
6341109
266428
139310
961685
6578713
7181029
4165555
8726083
5223053
7394908
6247153
864750
8150620
6609270
324752
5729419
1060701
1354791
6055668
640757
777522
1621606
5012209
3717666
6177249
8024595
819742
5972066
7362289
1885566
5059402
1796325
8205616
1365244
7983269
1717675
3528461
23809
4256455
7245996
1885671
75829
7697279
2259517
5936958
4435912
476346
1949950
5027848
1372593
8406514
4712366
9858146
1786561
1589615
2318010
8290877
9071603
9153602
189956
7500914
1925734
5477447
6554084
6715540
6296398
4722956
4795059
8022397
4616023
6533554
6022259
2577783
2019768
9780972
9739414
3707234
8352231
1846842
885673
5475399
4331973
8816465
5938585
3673404
3117901
1933468
3488579
3434920
9965442
7689554
3890935
5644506
1169931
8480306
8217249
4910225
3401795
1764837
943159
6316640
8093301
4056452
7306941
4604993
1401198
5896800
3132338
5521271
5616660
4736949
6793319
7126455
8727865
7012541
2240079
2116152
2021914
6302608
2543350
720465
4250985
7333302
6088662
5906904
8508296
3915257
700743
4558913
9483719
2201032
7206596
6757584
3622075
6526022
4176386
9088643
754316
3164155
4522868
6963333
5789961
7790861
5498731
671113
4894285
177428
414255
4470686
1141761
7263219
8346377
8808816
3785505
2905157
7125569
3374159
3764676
2633810
5599086
6937557
2018060
7504466
3823994
6627247
5259676
4014176
4628039
4509293
9810292
305463
8834033
4156050
4006972
2152363
4938458
2902313
6729806
8390126
